5
Network name: Triangle network; Outcomes per party: 2; Inflation size: 2x2x3; Using the 12 symmetries of the distribution SRB; The inflation has 96 symmetries
2
10
1
0
2
0
1
2
0
2
0
1
1
1
2
3
0
2
0
1
1
2
2
3
0
1
4
5
0
2
0
1
1
2
2
3
0
1
4
1
1
5
1
2
6
7
8
0
2
0
1
1
2
2
3
0
1
4
1
1
5
1
2
6
7
0
1
8
0
1
9
1
1
a
b
0
2
0
1
1
2
2
3
0
1
4
1
2
5
6
1
2
7
8
1
1
9
0
1
a
1
2
b
c
1
2
d
e
0
2
f
10
0
1
11
12
0
2
0
1
1
1
2
0
2
3
4
1
1
5
1
2
6
7
0
2
8
9
1
2
a
b
0
2
c
d
1
2
e
f
1
1
10
1
1
11
0
2
12
13
1
1
14
0
1
15
1
1
16
0
2
17
18
1
1
18
1
1
17
19
0
2
0
1
1
2
2
3
1
2
4
5
0
2
6
7
1
2
8
9
1
2
a
b
0
1
c
1
2
d
e
0
2
f
10
1
2
11
12
0
2
13
14
1
2
15
16
0
2
17
18
1
2
19
e
0
2
1a
1b
1
2
1c
1d
0
1
1e
1
1
1f
0
2
20
21
1
2
22
21
1
2
23
24
0
1
25
0
1
26
0
1
27
1
1
27
28
0
2
0
1
1
1
2
0
2
3
4
1
1
5
0
2
6
7
1
2
8
9
0
2
a
b
1
2
c
d
0
2
e
f
1
2
10
11
0
2
12
13
1
2
14
9
0
2
15
16
0
2
17
18
1
1
19
0
2
1a
1b
1
2
1c
1d
0
2
1e
1f
1
2
20
21
0
2
22
23
1
2
24
25
0
2
26
27
1
2
28
25
0
2
29
2a
1
1
2b
0
2
2c
2d
0
2
2e
2f
1
2
30
9
0
2
31
32
1
2
33
25
0
2
34
35
0
2
36
37
0
2
38
39
1
1
3a
0
2
3b
3c
0
2
3d
3e
1
1
3f
0
2
40
37
0
2
41
42
0
1
37
43
0
2
0
1
1
2
2
3
1
1
4
0
2
5
6
1
2
7
8
1
2
9
4
0
2
a
b
1
2
c
d
0
2
e
f
1
1
10
0
2
11
b
1
2
c
12
0
2
13
14
1
2
15
4
0
2
11
16
1
2
17
18
0
2
19
1a
1
2
1b
1c
0
2
1d
1e
1
2
1f
20
0
2
21
f
0
2
22
1
1
2
23
24
0
2
25
26
1
2
27
28
1
1
29
0
1
2a
1
2
2b
2c
0
2
2d
2e
1
2
2f
30
0
1
31
1
2
32
33
0
2
34
35
1
2
36
30
0
2
37
38
1
2
39
3a
0
2
3b
3c
1
1
3d
0
2
3e
3f
1
2
40
41
0
2
42
43
0
1
1
1
2
44
45
1
2
46
4
0
1
47
1
2
48
28
0
1
49
1
1
4a
0
2
4b
4c
0
1
4d
1
2
4e
4f
0
1
50
0
1
51
1
2
52
53
0
1
54
1
1
55
0
1
56
1
1
57
0
1
58
0
1
59
1
2
5a
5b
0
2
5c
5d
1
1
5e
0
2
5f
58
0
1
60
0
1
61
1
1
62
63
0
2
0
1
1
1
2
0
1
3
1
1
4
1
1
5
0
2
6
7
1
1
8
0
2
9
a
1
2
b
c
0
2
d
e
0
2
f
7
1
2
10
11
0
1
12
1
1
13
0
2
14
15
1
2
16
17
0
1
18
0
1
19
1
1
1a
0
2
1b
15
1
2
1c
1d
0
1
1e
1
2
1f
20
0
2
9
21
1
2
22
23
0
2
24
15
1
2
25
26
0
2
27
e
1
2
28
5
0
1
29
1
2
2a
2b
0
1
2c
1
1
2d
0
2
2e
2f
0
2
30
7
0
1
31
1
2
32
33
0
2
34
35
1
1
36
0
2
37
38
1
1
39
0
2
3a
3b
1
2
3c
3d
0
2
3e
3f
1
2
40
41
0
1
2f
1
2
42
43
0
2
44
3b
1
1
45
1
2
46
47
0
2
48
49
1
2
4a
4b
0
2
4c
4d
1
1
4e
0
1
4f
0
1
50
1
2
51
52
0
2
3e
53
1
2
54
2d
0
2
55
4d
1
1
56
0
1
57
0
1
58
1
2
59
5a
0
2
5b
5c
1
1
5d
0
2
5e
5f
1
1
60
0
1
a
1
2
61
c
0
2
62
e
1
1
63
0
1
38
1
1
64
0
1
65
0
1
66
1
2
16
67
1
1
68
0
1
69
1
1
6a
0
2
6b
6c
1
1
6d
0
1
6e
1
1
6f
0
2
70
71
0
1
72
1
2
73
74
0
1
75
1
1
76
1
1
77
0
2
78
79
1
1
7a
0
1
7b
1
1
7c
0
1
7d
0
1
76
1
1
7e
1
1
7f
0
1
80
81
0
2
0
1
1
2
2
3
1
2
4
5
1
2
6
7
1
2
8
9
1
1
1
0
2
a
5
1
2
2
b
1
2
c
5
0
2
d
b
1
2
e
f
0
2
10
11
1
2
8
12
0
1
5
1
1
13
0
2
14
15
0
2
16
15
1
2
4
b
1
2
6
15
1
2
8
17
0
1
15
1
1
f
0
1
18
1
1
19
1
1
1a
1
2
1b
5
1
2
8
15
0
1
7
0
1
1c
1
1
1d
1
1
1e
0
2
1f
b
1
2
c
b
1
2
e
b
0
2
10
b
1
2
8
b
0
1
b
0
1
20
1
1
12
0
1
21
0
1
22
1
2
2
23
0
2
16
17
1
2
4
23
1
2
6
17
1
1
24
0
1
17
1
1
25
0
2
26
1
1
2
e
7
0
2
10
27
1
2
8
19
0
2
28
29
1
2
2a
2b
1
2
2c
29
0
2
2d
2b
1
2
2e
2f
0
2
30
31
0
1
29
1
1
32
0
2
1f
25
1
2
c
25
0
2
e
27
1
2
e
25
0
2
10
25
1
2
8
25
0
1
33
1
1
34
0
1
35
0
1
36
0
2
1f
2b
1
2
c
2b
0
2
d
2b
1
2
e
2b
0
2
10
2b
1
1
37
0
1
38
1
1
39
0
1
3a
0
1
3b
1
2
1b
29
0
2
1f
23
1
2
c
23
1
2
e
3c
0
2
30
3c
0
1
3d
0
1
3e
0
1
3f
1
2
40
3f
0
2
41
42
1
2
2c
42
0
2
2d
42
1
2
2e
42
0
2
30
42
0
1
42
1
1
43
0
1
44
0
2
8
45
0
1
1
1
2
46
29
1
2
47
48
1
2
49
48
1
1
48
1
1
4a
1
2
46
37
1
2
2e
4b
0
1
24
0
1
4c
1
1
4d
1
2
46
3f
1
2
2e
44
0
1
4e
0
1
4f
1
2
50
51
1
2
49
51
0
2
16
51
1
2
4
51
1
2
6
51
0
1
51
0
2
52
51
0
1
2e
1
2
2e
51
0
2
30
51
1
1
53
0
2
54
55
1
2
49
55
1
1
47
1
2
47
4e
1
2
49
56
57
0
2
0
1
1
1
2
0
2
3
4
1
2
5
6
0
2
7
8
1
1
9
0
1
1
1
2
5
2
0
1
2
1
2
7
1
0
2
0
4
1
2
a
4
0
2
7
4
0
1
4
0
1
8
1
2
3
4
0
1
6
1
2
b
4
1
2
7
4
1
1
8
0
2
a
1
1
2
a
1
0
2
5
1
1
2
a
c
1
2
5
c
1
2
7
d
1
1
c
0
2
b
4
1
2
5
1
1
2
7
8
1
1
1
0
2
5
4
1
2
5
4
1
1
4
1
1
6
1
2
a
e
1
1
f
1
2
3
e
0
2
0
8
1
1
b
0
2
0
e
1
1
10
0
2
3
e
1
2
11
e
0
2
7
e
0
1
e
0
1
d
1
2
12
e
0
1
13
1
2
14
e
1
1
d
1
2
5
e
1
2
7
e
1
1
e
1
1
13
1
2
f
15
1
2
16
13
1
2
12
17
1
2
16
17
1
1
17
1
2
a
10
1
1
5
1
2
5
15
1
1
15
0
2
b
e
0
2
5
e
1
2
11
15
1
2
12
15
1
2
16
15
1
2
b
1
0
2
7
d
0
2
7
c
1
2
3
10
0
1
c
1
2
7
10
1
2
11
10
1
2
f
10
1
2
14
15
1
1
14
0
2
f
c
0
2
12
10
1
1
16
0
2
16
e
0
2
14
10
0
2
16
c
1
1
18
1
1
12
19
0
2
0
1
1
2
2
1
1
1
1
0
2
2
3
1
2
0
3
0
1
3
1
1
3
0
1
1
1
2
2
3
1
2
0
1
0
2
0
3
0
2
2
1
1
1
2
1
2
2
4
1
2
0
4
0
1
0
1
1
0
0
2
0
4
0
2
2
4
1
1
4
0
1
2
1
1
5
0
1
4
1
2
5
4
0
2
5
4
6
0
2
0
1
1
1
1
0
1
1
1
2
0
1
1
1
0
0
1
0
2
0
0
1
0
