5
Network name: Triangle network; Outcomes per party: 4; Inflation size: 2x2x2; Using the 144 symmetries of the distribution EJM; The inflation has 1152 symmetries
2
c
1
0
2
0
1
2
0
2
0
1
1
1
2
3
0
2
0
1
1
3
2
3
4
2
2
5
6
7
0
2
0
1
1
2
2
3
0
2
4
5
1
3
6
7
8
2
4
9
a
b
c
1
2
d
e
2
1
f
10
0
2
0
1
1
3
2
3
4
1
2
5
6
2
3
7
8
9
1
3
a
b
c
2
3
d
e
f
0
2
10
11
1
2
12
13
2
3
14
15
16
0
2
17
18
1
2
19
1a
2
1
1b
3
2
1c
1d
2
3
1e
1f
20
3
2
21
22
3
1
23
24
0
2
0
1
1
3
2
3
4
0
2
5
6
1
3
7
8
9
2
4
a
b
c
d
1
2
e
f
2
3
10
11
12
1
2
13
14
2
2
15
16
3
1
17
0
2
18
19
1
3
1a
1b
1c
2
4
1d
1e
1f
20
0
1
21
1
4
22
23
24
25
3
3
26
27
28
1
3
29
2a
2b
2
4
2c
2d
2e
2f
1
2
30
31
2
4
32
33
34
35
1
2
36
37
2
4
38
39
3a
3b
3
4
3c
3d
3e
3f
2
4
40
41
42
43
3
3
44
45
46
2
2
47
48
3
3
49
4a
4b
3
1
4c
2
1
4d
3
1
4e
0
2
4f
50
2
2
51
52
3
2
53
54
0
1
55
2
2
56
57
3
1
58
59
0
2
0
1
1
2
2
3
0
3
4
5
6
1
2
7
8
2
2
9
a
1
3
b
c
d
2
3
e
f
10
0
3
11
12
13
1
3
14
15
16
2
4
17
18
19
1a
0
4
1b
1c
1d
1e
1
4
1f
20
21
22
2
4
23
24
25
26
3
4
27
28
29
2a
1
2
2b
2c
2
3
2d
2e
2f
1
4
30
31
32
33
2
3
34
35
36
3
4
37
38
39
3a
2
4
3b
3c
3d
3e
3
3
3f
40
41
1
3
42
43
44
3
4
45
46
47
48
2
3
49
4a
4b
1
2
4c
4d
2
2
4e
4f
0
3
50
51
52
1
2
53
54
2
2
55
56
0
4
57
58
59
5a
1
3
5b
5c
5d
2
2
5e
5f
3
1
60
2
2
61
62
0
4
63
64
65
66
1
3
67
68
69
2
4
6a
6b
6c
6d
3
4
6e
6f
70
71
0
4
72
73
74
75
1
3
76
77
78
2
2
79
7a
0
2
7b
7c
1
2
7d
7e
2
3
7f
80
81
0
4
82
83
84
85
1
4
86
87
88
89
2
3
8a
8b
8c
3
4
8d
8e
8f
90
1
1
91
2
2
92
93
0
3
94
95
96
1
3
97
98
99
2
2
9a
9b
3
3
9c
9d
9e
2
3
9f
a0
a1
3
2
a2
a3
0
4
a4
a5
a6
a7
1
4
a8
a9
aa
ab
2
3
ac
ad
ae
3
4
af
b0
b1
b2
0
4
b3
b4
b5
b6
1
4
b7
b8
b9
ba
2
4
bb
bc
bd
be
3
3
bf
c0
c1
0
2
c2
c3
1
2
c4
c5
2
2
c6
c7
3
2
c8
c9
0
3
ca
cb
cc
1
4
cd
ce
cf
d0
2
3
d1
d2
d3
1
2
d4
d5
3
2
d6
d7
1
3
d8
d9
da
2
3
db
dc
dd
3
2
de
df
2
1
e0
3
1
e1
2
2
e2
e3
2
2
e4
e5
3
1
e6
0
1
e7
3
1
e8
0
1
e9
2
1
ea
3
1
eb
0
1
ec
3
1
ed
0
1
ee
ef
0
2
0
1
1
3
2
3
4
1
3
5
6
7
2
3
8
9
a
0
2
6
b
1
2
c
d
2
3
e
f
10
1
2
11
12
2
3
13
14
15
2
3
16
17
18
3
2
19
1a
0
3
1b
1c
1d
1
3
1e
1f
4
2
4
20
21
22
23
0
4
24
25
26
27
1
4
20
28
29
2a
3
4
20
2b
2c
2d
0
3
2e
2f
30
1
3
31
32
33
2
4
34
35
36
37
0
3
38
39
3a
1
3
3b
3c
3d
2
4
3e
3f
40
2a
0
4
41
42
43
44
1
4
45
46
47
2a
2
4
48
49
4a
4b
3
4
3e
4c
4d
4e
0
4
4f
50
51
52
1
4
53
54
51
55
2
4
56
57
58
59
3
4
5a
5b
51
5c
0
3
5d
5e
2a
1
3
5f
60
61
2
3
62
63
64
3
3
65
66
67
0
3
68
69
6a
1
3
6b
6c
6d
2
3
6e
6f
70
3
3
71
72
73
0
3
74
75
76
1
3
77
78
79
2
3
7a
7b
7c
3
3
7d
7e
7f
0
2
80
4
2
3
81
82
23
0
3
83
84
85
2
3
86
87
88
3
3
19
89
8a
0
2
8b
8c
1
2
8d
8e
2
2
8f
90
3
2
91
92
0
1
93
1
1
94
3
1
95
0
2
96
97
1
2
98
99
2
2
9a
9b
3
2
9c
9d
0
2
9e
9f
1
2
a0
a1
2
2
a2
a3
3
2
a4
a5
0
3
a6
a7
a8
1
3
a9
a1
aa
2
3
ab
ac
ad
0
1
ae
1
2
af
b0
3
1
b1
0
1
b2
1
1
b3
2
1
b4
3
1
b5
0
1
b6
1
1
b7
2
1
b8
1
3
b9
ba
bb
2
4
bc
bd
82
be
2
4
bf
c0
c1
c2
3
3
c3
c4
c5
0
3
c6
c7
c8
1
3
c9
ca
cb
2
4
cc
cd
ce
cf
1
3
d0
d1
d2
2
4
d3
d4
d5
d6
2
4
d7
d8
d9
da
3
3
db
dc
dd
0
4
de
df
e0
e1
1
4
e2
e3
e4
e5
2
4
e6
e7
e8
e9
3
4
ea
eb
ec
ed
1
4
ee
ef
f0
f1
2
4
f2
f3
f4
f5
3
4
f6
f7
f8
f9
2
4
fa
fb
fc
fd
3
4
fe
ff
100
101
3
4
102
103
104
105
1
3
106
107
27
3
4
108
109
10a
10b
0
4
10c
10d
10e
10f
1
4
110
111
112
113
2
4
114
115
116
117
3
4
118
119
11a
11b
0
4
11c
11d
11e
11f
2
4
120
121
122
123
3
4
124
125
126
127
0
4
128
129
12a
12b
1
4
12c
12d
12e
12f
2
4
130
131
132
133
3
4
134
135
136
137
0
4
138
139
13a
13b
1
4
13c
13d
13e
13f
2
4
140
141
142
143
3
4
144
145
146
147
0
3
148
149
14a
1
4
14b
14c
14d
14e
2
4
14f
150
151
152
3
4
153
154
155
156
1
4
157
158
159
15a
2
3
15b
15c
15d
3
4
15e
15f
160
161
1
3
162
163
164
3
4
165
166
167
168
0
2
169
16a
2
3
16b
16c
16d
0
2
16e
16f
2
3
170
171
172
0
3
173
174
175
2
3
176
177
178
3
3
179
17a
17b
0
2
17c
17d
1
2
17e
17f
2
2
180
181
3
2
182
183
0
2
184
185
1
2
186
187
2
2
188
189
3
2
18a
18b
0
2
18c
18d
1
2
18e
18f
3
2
190
191
0
2
192
193
1
2
194
195
2
2
196
197
3
2
9c
198
2
3
199
19a
19b
2
3
19c
19d
19e
3
3
19f
1a0
1a1
0
3
1a2
1a3
1a4
2
3
1a5
1a6
1a7
3
3
1a8
1a9
1aa
0
3
1ab
1ac
1ad
2
3
1ae
1af
1b0
3
3
1b1
1b2
1b3
0
3
1b4
1b5
1b6
3
3
1b7
1b8
1b9
0
3
1ba
1bb
1bc
2
3
1bd
1be
1bf
3
3
1c0
1c1
1c2
0
3
1c3
1c4
1c5
2
4
1c6
1c7
1c8
1c9
3
4
1ca
1cb
1cc
1cd
0
4
1ce
1cf
1c5
aa
2
4
1d0
1d1
1d2
1d3
0
4
1d4
1d5
1d6
1d7
1
4
1d8
1d9
1da
1db
2
4
1dc
1dd
1de
1df
3
4
1e0
1e1
1e2
1e3
0
4
1e4
1e5
1e6
1e7
1
4
1e8
1e9
1ea
1eb
2
4
1ec
1ed
1ee
1ef
3
4
1f0
1f1
1f2
1f3
0
4
1f4
1f5
1f6
1f7
1
4
1f8
1f9
1fa
1fb
3
4
1fc
1fd
1fe
1ff
0
4
200
201
202
203
1
4
204
205
206
207
2
4
208
209
20a
20b
3
4
20c
20d
20e
20f
0
4
210
211
212
213
1
4
214
215
216
217
2
4
218
219
21a
21b
3
4
21c
21d
21e
21f
0
4
220
221
222
223
1
4
224
225
226
227
2
4
228
229
22a
22b
3
3
22c
22d
22e
0
4
22f
230
231
232
1
4
233
234
235
236
2
4
237
238
239
23a
3
4
23b
23c
23d
23e
0
2
23f
240
1
3
241
22d
242
2
4
243
22d
244
245
1
2
246
247
3
1
248
1
2
249
24a
3
2
24b
24c
1
2
24d
24e
3
2
24f
250
1
2
251
252
3
1
253
0
1
254
1
1
255
2
1
256
0
1
257
1
1
258
2
1
259
3
1
25a
0
1
25b
1
1
25c
2
1
25d
1
2
25e
25f
3
3
260
261
262
1
3
263
264
265
3
3
266
267
268
0
3
269
26a
26b
1
3
26c
26d
26e
2
3
26f
270
271
0
3
272
273
274
1
3
275
276
277
2
3
26f
278
279
1
2
27a
27b
2
1
27b
1
1
27c
1
2
27d
27e
0
2
27f
280
1
2
281
282
2
2
283
284
3
2
285
286
3
2
287
288
3
2
289
28a
3
1
28b
2
1
28c
2
1
28d
2
1
28e
3
1
5a
0
1
28f
1
1
22d
290
0
2
0
1
1
2
2
3
0
3
4
5
6
1
2
7
8
2
2
9
a
0
2
b
c
1
3
d
b
e
2
4
f
10
11
12
0
2
13
14
1
4
f
15
8
16
3
4
17
18
19
1a
2
4
17
10
11
12
1
3
1b
5
8
2
4
1c
15
6
16
1
4
1d
10
8
1e
2
4
1f
20
21
16
3
4
22
10
23
24
1
2
25
e
2
3
26
27
12
1
3
28
21
29
2
3
18
19
24
3
3
2a
2b
2c
1
2
11
2d
2
2
2e
12
3
2
2f
30
1
2
31
2c
2
2
32
33
0
2
34
35
1
2
2
36
2
2
37
38
0
2
39
8
1
2
3a
3b
0
3
15
8
16
1
3
3c
8
16
2
2
9
16
3
1
3d
0
3
3e
3f
40
1
3
41
42
43
2
2
44
45
3
1
46
1
4
47
48
3b
49
2
4
f
15
8
16
3
4
f
15
8
16
1
3
15
4a
16
2
2
4b
16
3
1
4c
0
2
4d
8
1
2
39
8
2
3
15
8
16
0
2
2
8
1
2
39
3b
2
3
48
8
16
0
3
4e
8
16
1
3
48
8
16
2
3
15
4f
16
3
3
15
8
16
0
1
50
1
3
d
51
8
2
4
f
48
8
16
0
1
3b
1
3
52
53
54
2
4
47
55
3b
49
0
2
8
16
1
4
56
48
8
16
2
4
f
15
4f
16
0
2
57
58
1
4
59
5a
50
58
2
4
5b
15
5c
16
3
4
f
15
8
58
0
2
3b
49
1
4
5d
5e
54
5f
2
4
60
48
4f
16
0
2
4f
16
1
4
f
48
61
16
2
4
62
63
64
16
3
4
f
15
4f
16
1
4
f
48
8
16
2
4
65
15
5c
16
3
4
f
15
8
66
0
1
67
1
2
5e
16
2
2
15
16
3
2
15
58
0
1
68
1
2
5e
5f
3
2
15
16
0
1
69
1
2
6a
6b
2
2
63
6b
3
2
63
6b
0
1
6c
1
2
5e
49
3
2
6d
66
1
3
6e
3b
49
2
4
5b
15
50
16
1
3
6f
54
5f
2
4
60
70
3b
16
3
4
f
70
3b
16
1
3
6e
61
16
2
4
62
71
4f
16
3
4
72
15
4f
16
1
3
6e
8
73
2
4
65
15
8
16
3
4
74
75
8
66
1
4
47
76
77
49
2
3
3e
78
58
3
4
79
15
7a
16
1
4
7b
76
7c
5f
2
3
48
7d
49
3
4
7e
48
64
16
1
4
7f
6a
80
6b
2
3
63
7a
6b
3
4
81
63
7a
6b
1
4
82
5e
83
49
2
3
15
83
66
3
4
84
6d
83
66
1
4
85
86
87
88
2
3
3e
50
89
3
3
15
50
8a
1
4
8b
76
8c
8d
2
3
48
3b
49
3
3
48
8
8e
1
4
8f
90
61
6b
2
3
63
4f
91
3
3
63
4f
92
1
4
93
94
95
96
2
3
15
97
98
3
3
6d
97
8a
1
2
99
8c
1
3
4e
9a
9b
2
2
9c
6b
1
2
9d
9e
2
3
15
9f
16
3
3
15
4f
58
1
2
a0
a1
2
3
63
a2
6b
3
3
63
7a
6b
2
3
15
a3
66
3
3
6d
a4
66
2
3
48
a5
16
3
3
a6
8
16
2
3
a7
a8
49
3
3
a9
3b
49
2
3
aa
a2
6b
3
3
ab
4f
6b
2
3
ac
a3
66
3
3
ad
97
66
3
1
ae
3
1
af
3
1
6c
2
1
b0
3
1
23
2
1
b1
3
1
b2
2
1
b3
3
1
c
2
1
2d
3
1
30
1
2
b4
58
2
1
b5
1
2
b6
b7
2
1
38
1
2
a2
6b
2
1
b8
1
2
b9
66
2
1
ba
1
1
50
2
1
bb
3
1
bc
1
1
bd
3
1
be
1
1
4f
2
1
bf
3
2
63
4f
1
2
c0
16
1
2
c1
49
3
1
3b
1
2
c2
66
3
1
c3
3
1
c4
3
1
c5
3
1
c6
3
1
c7
3
1
c8
3
1
c9
0
3
ca
cb
e
1
1
cc
2
2
37
cd
0
4
ce
cf
4f
6b
1
2
9a
d0
3
1
d1
0
4
d2
18
d3
12
1
3
d4
d3
d5
2
4
62
d6
d7
d8
3
3
65
d9
46
0
4
da
db
dc
2c
1
3
dd
dc
2c
2
4
74
6d
de
66
0
3
df
b
e
1
2
e0
e
2
4
e1
10
27
12
0
3
e2
51
3b
1
2
e0
8c
2
4
7b
e3
61
49
0
4
7f
63
4f
6b
1
3
e4
9a
d0
2
4
60
63
4f
6b
3
4
e5
63
4f
91
0
3
e6
e7
e8
1
2
e9
e8
2
4
ea
eb
ec
ed
0
4
ee
ef
4f
6b
1
3
f0
9a
d0
2
4
72
cf
f1
6b
3
4
72
cf
4f
91
0
4
ee
18
a0
12
1
3
f0
a0
12
2
4
72
f2
f3
12
3
4
72
18
a0
2d
0
4
f4
db
dc
2c
1
3
1d
dc
2c
2
4
74
6d
f5
66
0
4
f6
26
f7
2d
1
3
f8
f9
12
2
4
e1
10
fa
12
3
4
e1
10
f9
cd
0
4
fb
5a
54
5f
1
3
f8
8c
9b
2
4
fc
71
fd
49
3
4
7b
75
3b
fe
0
4
ff
100
5c
101
1
3
102
103
104
2
4
105
100
106
101
3
4
107
100
5c
108
0
4
109
6d
97
66
1
3
10a
10b
8d
2
4
10c
6d
10d
66
3
4
10e
6d
97
10f
0
4
110
eb
111
12
1
3
112
113
2d
2
4
47
114
113
12
3
4
115
116
113
cd
0
4
117
ef
5c
6b
1
3
f0
103
d0
2
4
118
119
11a
6b
3
4
118
11b
5c
11c
0
4
11d
11e
97
66
1
3
1d
10b
8d
2
4
74
11f
120
66
3
4
74
121
97
122
0
2
123
d8
1
1
46
2
2
123
124
3
1
123
0
4
125
6d
de
66
1
3
126
127
128
2
4
129
6d
12a
66
3
4
129
6d
de
12b
0
4
12c
12d
12e
2d
1
2
1d
31
2
4
da
12d
12f
2d
3
3
f4
130
131
0
4
132
133
134
1a
1
2
135
136
0
4
137
138
139
13a
1
2
13b
13c
2
2
13d
13e
3
1
13f
0
4
56
140
141
142
1
3
143
144
142
2
4
145
146
147
148
3
4
143
149
144
14a
0
3
e3
14b
14c
1
3
56
14b
14c
2
4
145
14d
14e
14f
3
4
143
e3
14b
150
0
3
151
152
b5
1
2
fd
153
2
4
145
154
155
b8
3
4
156
157
158
ba
0
3
6d
97
66
1
2
97
66
2
4
159
15a
15b
15c
3
4
e2
6d
97
b0
0
4
15d
15e
15f
160
1
3
161
162
163
2
4
164
165
166
167
3
4
161
168
162
169
0
3
7f
16a
b5
1
3
16b
fd
153
2
4
16c
165
16d
b8
3
4
16e
16f
170
92
0
3
56
97
fe
1
3
171
172
fe
2
4
173
174
12a
175
3
4
171
168
a4
176
0
4
177
178
179
17a
1
3
17b
17c
17d
2
4
17e
17f
180
181
3
4
17b
182
179
183
0
4
184
185
186
14c
1
3
187
188
14c
2
4
189
14d
18a
14f
3
4
187
185
188
18b
0
4
18c
18d
18e
18f
1
3
190
191
192
2
4
193
194
11a
195
3
4
196
197
198
199
0
4
19a
6d
de
66
1
3
74
19b
73
2
4
19c
19d
12a
15c
3
4
74
75
de
19e
0
4
19f
178
1a0
1a1
1
3
1a2
1a3
1a1
2
4
17e
1a4
1a5
1a6
3
4
1a7
1a8
1a9
1aa
0
4
1ab
1ac
162
1ad
1
3
1ae
1af
1ad
2
4
16c
1b0
1b1
1b2
3
4
1b3
1b4
1b5
1b6
0
4
18c
1b7
1b8
1b9
1
3
1ba
1bb
1bc
2
4
1bd
1be
1bf
1c0
3
4
1c1
1c2
1c3
1c4
0
4
1c5
1c6
1c7
1c8
1
3
1c9
1ca
1cb
2
4
1cc
1cd
1ce
1c0
3
4
1c9
1cf
1d0
1d1
0
4
1d2
1d3
1d4
124
1
3
1d5
1d6
1d7
3
3
1d5
1d3
1d8
0
3
1d9
1da
73
1
3
e2
61
73
2
4
1db
1be
1dc
1dd
3
4
93
75
95
1de
0
3
1df
1b8
1e0
1
3
1db
1bb
1e1
2
4
1e2
1be
11a
15c
3
3
1e3
1c3
1c4
0
3
1cf
1e4
1c8
1
3
93
1e5
1cb
2
3
1e6
1e7
1c0
3
3
1cf
1e8
1d1
0
3
1e9
1ea
1eb
1
3
161
1ec
1eb
2
4
164
165
1ed
1ee
3
4
1b3
168
1ef
1f0
0
3
1f1
19
1a
1
3
1f2
1bb
1f3
3
4
1f4
1f5
14
1f6
0
3
1f7
1e4
1c8
1
3
1f8
1f9
1cb
2
3
1fa
1fb
1c0
3
4
1fc
168
1e8
122
0
4
1fd
133
1fe
1a
1
3
59
80
73
3
4
1ff
200
201
1f6
0
4
202
1cf
203
1c8
1
3
204
205
1cb
2
4
1cc
1cd
1fb
1c0
3
4
1fc
1cf
206
122
1
1
207
2
2
208
209
1
2
61
20a
2
2
20b
91
3
1
20c
1
2
20d
20e
2
3
20f
c2
38
1
3
210
211
212
2
3
213
214
215
3
3
216
217
218
1
3
1d
a0
219
2
4
1c
133
21a
21b
3
4
21c
12d
21d
21e
1
2
a0
21f
2
4
220
221
222
223
3
4
224
225
de
226
1
2
227
228
2
4
229
22a
12a
91
3
4
22b
75
de
122
2
3
22c
22d
22e
3
3
22f
230
231
2
3
232
233
234
3
3
235
236
237
2
3
238
239
23a
3
3
23b
23c
226
2
3
200
23d
91
3
3
12d
23e
21e
2
3
1c
21a
21b
3
3
23f
240
21e
2
3
210
241
242
3
3
243
244
245
2
3
246
1fe
247
3
3
248
249
24a
2
3
24b
227
21b
3
3
24c
24d
2c
2
4
24e
24f
c2
21f
3
4
250
251
252
253
2
4
254
255
c2
256
3
4
257
258
259
25a
2
3
25b
25c
25d
3
4
25e
25f
dc
253
2
4
260
ac
261
2d
3
4
22
262
263
2c
2
3
264
261
2d
3
3
265
266
245
2
2
227
267
3
2
266
253
3
1
268
0
3
269
26a
26b
2
2
26c
26d
3
1
26e
0
4
26f
270
271
272
2
4
273
274
275
276
3
4
277
278
279
27a
0
4
27b
27c
27d
27e
2
4
27f
280
281
282
3
4
283
284
285
286
0
2
c1
287
2
3
288
289
28a
3
3
28b
28c
28d
0
2
28e
28f
2
3
290
289
276
3
3
291
292
293
0
2
294
295
2
3
296
297
298
3
3
299
29a
29b
0
3
f8
27
219
2
3
29c
29d
29e
3
3
29f
2a0
29b
0
3
2a1
271
28f
2
3
273
275
276
3
3
2a2
2a3
293
0
3
27b
2a0
2a4
2
3
27f
2a5
234
3
3
283
2a6
2a7
0
4
26f
2a8
d3
21f
2
4
2a9
2aa
2ab
272
3
4
2ac
2ad
294
2ae
0
4
10a
2af
2b0
2b1
2
4
277
2b2
2b3
2b4
3
4
2b5
2b6
2b7
27a
0
4
2b8
4e
27
2b9
2
4
2ba
2bb
29d
2bc
3
4
2bd
2be
2a0
2bf
0
3
2a1
2c0
2c1
2
4
273
2c2
127
2c3
3
4
2a2
2c4
2c5
26e
0
4
2c6
2c7
131
2b9
2
4
2c8
2c9
2ca
2cb
3
4
2cc
2cd
2ce
2cf
0
3
2d0
2d1
2d2
1
2
2d3
2d4
2
2
c2
cd
0
3
2d5
2d6
2d7
1
2
2d8
2d9
2
2
2da
2db
3
1
2dc
0
3
2dd
2de
2df
1
2
281
2e0
2
2
2e1
2e2
3
1
2e3
0
3
2e4
2e5
2e6
1
2
2e7
2e8
0
3
2e9
2ea
2eb
1
2
2ec
2ed
2
4
2ee
2ef
2f0
2f1
3
4
2f2
2f3
1ce
2f4
0
2
a2
2f5
1
2
289
2f6
2
3
2f7
289
2f8
3
3
2f9
23c
2fa
0
2
2ab
2fb
1
2
2fc
2fd
2
3
2fe
289
2fd
3
3
2ff
297
300
0
2
a3
301
1
2
289
2d9
2
2
302
2db
3
3
303
304
305
0
2
306
307
1
2
2b3
308
2
2
309
30a
3
3
30b
30c
30d
0
3
30e
30f
310
1
2
29d
311
2
3
312
241
313
3
3
314
315
316
0
3
269
317
318
1
2
275
319
2
3
31a
241
31b
3
3
31c
31d
31e
0
3
31f
320
321
1
2
275
322
2
3
323
2da
321
3
3
324
325
326
0
3
327
328
329
1
2
127
32a
2
3
25b
2da
32b
3
3
32c
32d
32e
0
3
32f
330
331
1
2
2ab
332
2
4
333
334
c2
335
3
4
336
337
306
338
0
3
339
2ab
33a
1
2
c2
33a
2
4
339
33b
c2
33a
3
4
33c
33d
33e
33f
0
3
340
b9
341
1
1
342
2
2
343
344
3
4
345
346
347
348
0
3
349
34a
34b
1
2
31
34c
2
4
34d
ac
2da
34b
3
4
34e
168
34f
350
0
3
351
317
352
1
2
2da
352
2
4
353
354
241
352
3
2
355
2d8
0
3
356
357
358
1
2
2da
322
2
4
25b
25c
2da
359
3
3
35a
35b
326
0
3
35c
35d
35e
1
2
2da
35f
2
3
25c
2da
360
3
4
361
362
363
32e
0
2
364
365
1
2
366
367
2
3
368
369
367
3
3
2f9
36a
36b
0
1
36c
1
2
2da
36d
2
1
2da
3
3
36e
36f
36b
0
1
370
1
2
366
cd
2
2
371
365
3
2
372
373
0
1
374
1
2
2da
36b
2
2
25c
2da
3
2
375
376
0
3
377
378
379
1
2
369
cd
2
3
269
c2
37a
3
3
37b
37c
2bf
0
3
37d
37e
37f
1
2
2da
380
2
3
381
2da
1f6
3
3
382
383
2a7
0
3
31f
384
385
1
2
2da
386
2
3
25b
2da
359
3
3
387
388
2f4
0
1
389
1
1
36d
3
3
38a
38b
36d
0
3
38c
38d
38e
1
2
241
38f
2
4
343
390
c2
124
3
4
391
392
393
394
0
3
37d
395
396
1
1
397
2
1
1f6
3
4
398
399
39a
39b
0
3
356
38d
2d7
1
2
2da
2d9
2
2
343
267
3
4
39c
303
39d
305
0
2
389
39e
1
2
2da
39f
2
2
381
1f6
3
3
3a0
3a1
3a2
0
1
3a3
1
1
be
0
3
3a4
268
3a5
3
4
3a6
3a7
3a8
36b
0
2
3a9
365
2
1
343
3
3
3aa
3a2
36d
1
1
3ab
3
1
3ac
1
1
3ad
1
2
3ae
3af
3
3
3b0
3b1
2a7
1
1
3b2
3
3
3b3
3b4
25a
1
2
38d
124
3
3
336
174
2b3
1
1
3b5
3
2
3b6
3b7
1
2
2da
cd
3
3
3b8
3b9
36b
3
2
3ba
3bb
3
1
3bc
3
1
3bd
3
1
3be
3
3
3bf
3c0
245
3
3
3c1
3c2
245
3
2
3c3
3c4
3
2
3c5
25a
3
3
3c6
3c7
38d
3
2
c9
38d
3
1
3c8
0
3
3c9
26a
b7
2
2
26c
3ca
0
3
389
3cb
3cc
2
2
2e1
3cd
3
1
25a
0
3
3ce
3cf
3d0
2
4
3d1
354
2e1
cd
3
2
3d2
2da
0
3
389
3d3
365
2
3
3d4
3d5
3d6
3
2
3d7
3a2
0
3
3d8
3d9
3da
2
2
2b3
3db
3
1
263
0
3
3d8
3dc
3dd
2
2
2d8
319
3
1
3de
0
1
2b3
2
2
3df
3e0
3
2
3df
3e1
0
3
3e2
3e3
3e4
2
2
3e5
124
3
2
3e6
3e7
0
3
3e2
d7
3e8
2
2
3e9
3ea
3
3
3eb
3ec
25a
2
2
3ed
3ee
3
2
3ef
3f0
2
1
3f1
3
1
3a2
3
2
3f2
25c
0
2
389
3f3
2
1
3d6
0
2
3e2
3f4
2
1
3f5
0
2
3e2
25a
2
1
326
0
2
3f6
267
1
2
3f7
124
0
1
394
1
2
3ed
3ee
1
1
3f8
3
2
1e2
3f9
1
1
3ee
3
1
362
3
2
3ed
3fa
3
1
3fb
3
1
3fa
1
1
3ed
1
1
3b6
3fc
0
2
0
1
1
3
2
1
3
1
2
1
4
2
1
5
0
2
1
6
1
3
7
8
9
2
4
a
b
c
d
1
3
7
1
4
2
4
a
b
9
d
2
4
a
e
4
f
3
4
a
e
4
10
1
3
2
1
c
2
4
11
5
6
10
0
3
7
8
9
2
4
11
5
4
10
0
4
a
b
9
d
1
4
12
e
c
13
2
4
11
5
4
14
3
4
15
16
6
f
1
4
11
5
6
10
2
4
17
18
6
19
1
4
a
b
9
d
3
4
a
b
9
d
0
4
a
b
c
d
1
4
12
e
3
13
2
4
17
18
6
1a
3
3
15
16
f
0
3
2
1
c
0
4
12
e
3
13
0
4
11
5
4
10
3
4
a
b
9
13
0
4
17
18
6
1a
1
4
a
b
c
d
2
4
12
e
c
13
0
3
1b
1c
1d
2
4
a
b
9
13
3
4
12
e
c
13
1
3
2
1c
c
1
4
12
5
c
13
2
4
11
5
6
14
1
4
11
5
4
10
3
4
12
e
c
14
1
4
2
1
1e
1f
2
4
12
e
c
1f
3
3
1b
1c
1d
3
3
15
16
6
1
4
17
18
6
1a
1
4
1b
1c
1d
10
2
3
1b
1c
1d
2
3
15
16
6
1
3
15
16
f
3
3
20
21
19
1
3
2
8
9
2
4
11
e
9
d
2
3
5
c
13
2
2
4
f
3
2
6
10
1
3
7
22
9
1
3
7
1c
4
2
4
a
23
9
d
1
4
a
e
4
f
3
4
a
e
4
f
1
4
12
b
9
d
2
4
17
e
9
d
3
4
15
e
c
d
1
3
5
c
13
2
3
5
3
f
3
3
5
6
13
1
2
5
f
3
2
16
14
3
1
f
0
4
a
23
9
d
1
4
a
23
9
d
3
4
a
23
9
d
2
4
a
e
3
f
1
4
a
e
3
f
3
4
a
e
3
f
1
3
7
1
c
1
1
4
2
4
a
b
24
d
2
4
12
b
9
d
1
3
7
1c
9
0
2
22
9
1
2
25
9
2
4
26
23
9
d
1
3
a
9
d
0
2
9
27
2
4
12
b
24
d
3
4
12
b
9
d
0
4
12
23
9
d
1
4
11
23
9
d
0
4
28
b
9
d
2
4
a
b
3
d
0
4
26
23
9
d
1
4
26
23
9
d
3
4
26
23
9
d
0
3
b
24
d
2
4
a
23
24
d
0
2
29
d
1
4
a
b
24
d
2
4
a
b
6
d
0
1
2a
3
4
a
b
9
27
3
4
a
e
c
13
3
3
5
3
1f
3
2
1
19
1
4
26
23
24
d
3
4
a
b
24
d
3
1
1c
1
4
a
b
9
27
1
4
26
5
9
d
1
3
26
2b
2c
1
4
a
2d
9
d
1
4
a
23
24
d
0
4
a
b
24
d
3
4
a
23
9
27
0
4
a
b
9
27
1
4
a
23
9
27
1
4
26
23
2b
2c
2
3
12
23
d
2
3
12
b
d
0
4
7
b
9
d
2
3
a
b
d
0
3
23
9
d
2
4
26
23
3
d
2
4
a
23
6
d
0
3
b
9
27
0
2
24
d
2
3
a
23
d
0
2
b
2e
0
1
d
2
4
a
b
2f
d
0
1
8
0
4
2
23
9
d
1
4
11
23
2b
2c
2
4
12
23
9
d
3
4
12
23
9
27
3
4
12
b
9
27
3
3
a
b
9
0
3
22
2b
2c
2
4
26
23
2b
2c
3
4
26
23
2b
30
3
4
a
b
9
10
0
2
24
27
1
4
26
23
31
d
3
4
a
b
24
27
3
3
a
b
24
0
1
32
1
4
26
23
9
2c
2
4
a
23
9
27
3
4
a
23
9
19
2
4
a
b
9
27
3
4
a
b
9
19
1
2
25
4
2
4
26
23
31
2c
3
4
26
23
2b
2c
2
4
a
e
6
f
2
4
11
23
31
2c
3
4
11
23
2b
14
2
3
28
b
d
2
3
11
5
14
3
4
11
5
6
10
2
2
29
d
2
1
2a
2
4
a
b
24
27
2
4
28
b
9
d
1
4
a
23
9
13
1
3
12
c
13
2
3
23
24
d
1
3
12
c
14
1
4
11
16
6
14
1
4
11
16
6
10
1
4
15
16
6
f
1
3
1b
1c
1d
3
4
7
e
3
f
3
3
5
3
10
3
4
a
b
9
1f
3
4
12
5
c
1f
2
4
12
5
c
14
3
3
11
5
6
2
4
17
b
3
d
3
4
17
b
24
d
2
2
31
30
3
3
15
6
30
3
4
28
29
24
2a
2
1
33
3
4
a
b
24
33
3
3
20
e
6
2
4
12
e
4
10
2
2
15
31
2
1
6
3
1
18
2
4
28
e
3
f
2
3
5
6
14
2
1
f
1
4
7
b
9
d
1
3
22
9
d
1
2
24
27
1
1
32
1
4
7
e
1e
19
1
3
1c
3
1f
1
1
19
0
3
7
1c
4
1
2
2
c
2
3
5
4
10
3
1
6
0
4
a
e
6
f
1
3
a
24
d
3
4
26
23
31
2c
3
4
a
e
6
f
0
4
28
b
24
d
2
2
5
14
0
3
23
31
2c
3
3
16
6
f
1
2
e
13
2
1
14
3
2
16
f
1
1
13
0
4
a
b
9
1f
1
4
12
e
c
10
2
3
11
5
10
0
4
26
23
2b
10
2
3
a
b
27
0
2
8
9
0
2
22
2b
0
3
b
9
d
0
1
9
1
4
a
5
9
d
0
2
31
2c
0
3
8
24
d
0
2
1b
9
1
1
c
2
3
11
4
10
0
2
25
2b
0
3
11
9
d
1
2
c
13
2
3
11
6
14
3
3
15
6
f
0
4
12
b
24
d
1
2
24
d
0
4
11
5
6
14
2
4
a
29
31
d
1
4
12
5
6
13
2
3
11
16
14
0
4
12
b
9
1f
2
3
a
29
27
0
3
e
24
d
2
4
15
5
6
14
0
3
5
4
14
2
4
15
5
4
14
2
4
15
16
6
14
0
2
5
d
0
3
23
24
d
2
4
a
2d
24
d
3
4
a
22
9
27
0
2
e
d
1
4
a
b
3
d
3
4
a
b
3
d
0
3
5
6
14
2
4
26
23
6
2c
3
4
26
23
6
2c
0
2
b
d
2
4
a
29
3
d
0
3
b
3
d
3
4
a
8
3
27
0
2
e
1f
0
2
5
10
2
4
26
23
2b
30
0
2
b
27
2
4
a
29
24
27
0
3
b
24
27
3
4
7
8
9
27
0
4
11
5
9
d
2
4
11
16
4
14
0
4
11
5
4
14
2
4
11
16
6
14
1
3
12
3
13
0
4
a
23
9
27
1
3
12
c
1f
0
4
11
e
3
d
0
4
a
b
3
d
1
3
a
31
d
2
3
28
29
2a
1
3
a
3
d
3
4
a
8
24
30
0
4
1b
e
9
1f
1
2
9
27
1
2
a
27
2
4
a
29
34
33
1
3
a
9
27
3
3
7
8
32
1
2
16
1a
3
1
16
0
3
12
e
27
0
3
11
5
10
2
3
35
2d
36
3
4
25
22
37
30
0
3
a
b
27
2
3
28
29
33
3
4
7
8
32
27
0
4
12
e
9
1f
1
4
12
5
c
1f
2
3
11
5
4
2
3
11
16
6
1
4
12
5
c
10
2
3
11
5
6
0
4
28
5
4
f
1
4
12
5
3
13
2
2
16
1a
2
2
5
1a
3
3
16
6
1a
0
3
a
e
4
1
4
12
b
9
27
2
3
2
b
1f
3
4
20
b
c
1f
2
2
e
1f
3
3
e
1e
19
2
1
21
3
2
21
2f
3
1
21
1
4
11
5
9
d
2
4
17
e
3
d
3
4
2
e
9
27
0
2
9
d
2
4
17
e
24
d
0
2
24
2a
1
4
15
16
24
2a
2
4
17
18
24
2a
3
4
20
18
24
33
1
4
1b
5
9
d
3
4
1b
e
9
27
2
4
a
5
9
d
3
4
a
5
9
d
1
4
28
16
24
2a
2
4
28
16
24
2a
3
4
28
16
24
2a
3
4
a
5
9
27
1
4
17
b
24
d
2
4
17
b
24
d
3
4
a
2d
24
d
1
4
28
29
24
2a
2
4
28
29
6
2a
0
2
24
33
1
4
a
b
24
33
2
4
a
b
24
33
0
1
33
1
4
28
29
24
33
2
4
28
29
24
33
3
4
28
29
24
33
0
2
c
d
1
2
c
d
2
4
12
5
3
d
3
4
12
5
c
d
0
3
12
9
d
2
4
12
5
9
d
3
4
12
5
9
d
0
3
17
24
2a
1
1
2a
2
3
17
16
2a
3
4
17
16
24
2a
1
1
9
3
3
12
5
9
2
4
17
23
24
d
0
3
a
24
d
0
3
28
24
2a
2
3
28
2d
2a
0
3
a
24
33
1
1
24
2
4
a
2d
24
33
0
3
a
9
27
2
4
a
23
24
27
0
3
28
24
33
1
1
33
3
4
28
38
24
33
3
3
a
22
32
0
4
17
e
c
d
1
4
12
e
c
d
2
3
12
e
d
3
4
12
e
c
d
0
4
12
e
9
d
2
3
12
5
d
3
4
12
e
9
d
0
4
17
18
3
2a
1
4
17
16
3
2a
2
3
17
18
2a
3
4
17
18
3
2a
1
4
12
e
9
d
3
4
12
e
9
27
0
4
12
5
9
d
1
4
a
16
9
d
2
3
12
16
d
0
4
a
5
9
d
2
3
a
16
d
0
4
28
16
24
2a
2
3
28
16
2a
3
4
a
5
9
33
0
4
17
29
3
2a
1
4
17
2d
31
2a
2
3
17
29
2a
3
4
17
29
2e
33
0
4
17
2d
3
d
2
3
28
2d
d
3
4
28
2d
2e
27
0
4
17
29
6
2a
1
4
28
2d
6
2a
3
4
28
29
2e
33
0
4
12
b
3
33
1
4
a
23
31
33
2
3
a
b
33
3
4
a
b
2e
33
0
4
12
b
9
27
2
3
a
23
27
0
4
28
29
24
33
1
4
28
2d
24
33
3
4
a
8
32
36
0
4
2
e
c
d
2
4
12
e
3
d
3
3
12
e
c
0
4
12
e
c
d
2
4
12
5
c
d
1
4
17
18
3
2a
2
4
17
18
6
2a
3
3
17
18
3
0
4
12
e
9
27
1
4
12
5
9
d
2
4
12
e
c
27
3
3
12
1
9
0
4
2
1c
c
d
1
4
a
1c
9
d
3
3
a
1c
9
0
4
a
1c
9
d
2
4
a
5
24
d
1
3
28
24
2a
2
4
28
16
34
2a
3
2
28
24
0
4
12
1c
9
d
1
4
a
1c
9
27
2
4
a
5
24
27
3
3
a
1c
32
1
4
17
29
24
2a
2
4
17
29
24
2a
3
3
17
29
24
0
4
28
2d
24
d
2
4
28
2d
24
d
3
3
28
2d
24
0
4
17
29
24
2a
1
4
28
2d
24
2a
2
4
28
29
34
2a
3
3
28
29
24
0
4
28
b
24
33
1
4
28
23
24
33
2
4
28
b
24
33
3
3
28
8
2e
0
4
1b
b
9
10
1
4
a
23
9
10
2
4
12
b
24
33
3
3
12
b
9
0
4
12
b
9
10
2
4
a
23
24
33
3
3
a
23
9
0
3
17
29
24
1
3
28
2d
24
2
4
28
29
34
33
1
3
a
23
9
2
4
a
b
24
36
3
3
a
8
32
0
1
1e
1
4
1b
5
3
13
2
4
20
18
6
1a
0
1
c
2
4
20
23
3
13
3
3
b
c
1f
2
4
20
18
6
19
1
4
12
23
9
d
2
4
12
23
24
d
0
1
24
2
4
28
2d
6
2a
3
4
28
2d
24
2a
3
4
a
22
32
10
1
4
17
2d
24
2a
3
4
17
29
24
33
3
4
28
2d
24
d
0
1
2e
1
4
28
b
24
33
2
3
12
b
24
2
3
a
23
9
1
3
28
29
24
2
3
28
29
6
2
3
a
b
24
0
3
1c
c
d
2
4
12
38
24
d
3
3
a
9
27
2
3
a
24
d
2
3
28
38
2a
3
3
28
24
33
2
4
a
38
24
27
3
2
a
32
0
3
18
3
2a
0
4
17
2d
24
d
3
4
28
2d
24
27
0
4
28
b
3
33
1
1
3
3
1
15
0
2
e
c
0
3
12
23
9
2
3
a
23
24
0
3
28
29
24
2
2
28
29
0
3
12
b
9
0
4
15
5
c
d
2
3
17
16
1a
0
4
a
23
c
d
1
4
12
5
3
1f
2
3
17
16
19
0
3
15
e
c
2
2
12
b
0
3
a
23
9
2
2
a
23
2
2
a
b
2
3
5
3
13
2
2
18
f
3
3
e
6
10
3
4
a
23
24
1f
2
3
28
18
f
3
2
7
1
0
2
2
c
2
3
11
3
13
0
2
3
13
0
3
11
6
14
2
3
12
3
13
3
3
12
3
10
0
3
12
24
d
2
2
28
2a
3
3
a
24
27
0
3
12
24
27
2
3
a
24
27
3
2
7
2e
3
4
11
5
4
10
2
3
17
18
1a
3
4
12
e
3
1f
0
4
12
e
c
1f
2
3
12
e
1f
3
3
2
1
1e
3
3
11
5
10
0
3
17
b
d
1
3
a
2d
d
2
3
17
2d
2a
3
3
a
b
27
0
3
12
b
27
1
3
a
23
27
3
2
7
8
2
2
15
16
3
4
1b
1c
1d
10
0
4
12
b
24
27
1
4
a
23
24
27
0
4
2
b
9
27
1
3
5
3
13
2
2
18
1a
3
3
e
3
1f
1
3
5
c
1f
2
3
e
3
1f
3
2
1
1e
1
4
26
23
31
2c
2
3
35
2d
39
3
4
26
23
31
30
1
4
26
23
2b
10
2
4
26
23
31
30
3
3
25
22
37
1
3
17
5
13
2
2
29
2a
3
3
17
b
27
1
3
12
5
1f
2
2
b
27
2
2
18
19
2
4
28
b
24
1f
0
4
12
e
c
10
2
4
12
e
3
1f
2
2
15
f
3
3
11
6
10
0
3
11
4
10
2
3
11
6
10
3
2
1b
1d
0
3
15
16
14
3
3
17
18
1f
0
3
11
16
10
2
3
12
16
1f
3
2
2
21
0
4
11
5
6
10
0
4
1b
5
4
10
2
4
12
e
3
10
0
3
15
5
14
1
3
11
16
14
0
3
15
5
10
1
3
11
5
10
2
2
5
10
3
2
1b
1c
0
3
15
16
f
1
2
11
14
3
3
11
16
10
0
2
1b
10
1
3
11
16
10
2
3
15
16
10
3
1
1b
0
2
15
16
1
1
15
3
2
11
5
0
3
1b
1c
10
1
3
1b
1c
10
0
3
15
16
6
2
3
15
16
f
1
3
1b
1d
10
2
3
1b
1c
10
1
3
15
6
f
1
2
1b
1d
2
2
1b
10
3
2
15
16
2
2
1b
1c
0
2
6
f
2
3
11
31
2c
3
3
11
31
30
2
2
35
f
3
3
26
31
30
3
1
25
0
2
5
14
1
3
11
23
2c
2
3
11
2d
2c
3
3
11
23
30
0
3
11
2d
2c
1
2
26
2c
2
2
35
39
3
3
26
2d
30
0
3
11
23
30
1
3
26
23
30
2
3
26
23
30
3
2
25
22
0
3
1c
4
10
1
4
11
22
2b
30
2
3
11
22
30
3
4
11
22
31
36
0
4
11
23
31
30
1
3
26
31
30
2
2
35
36
3
4
26
22
31
36
0
4
11
22
2b
30
1
4
26
22
2b
30
2
3
26
22
30
3
3
25
22
34
3
3
5
4
10
1
3
2d
31
2c
2
2
2d
39
3
3
23
31
30
1
3
22
2b
30
2
3
23
31
30
3
2
22
37
2
2
2d
2c
3
3
11
2d
30
1
3
26
2d
2c
1
3
26
38
30
2
2
2d
30
3
2
25
38
2
2
23
30
3
4
11
23
2b
10
1
4
26
2d
31
30
2
2
2d
36
3
4
11
23
31
10
1
4
25
22
2b
30
2
3
22
31
30
3
3
1b
22
37
0
4
11
23
31
2c
2
3
15
2d
39
3
4
11
23
31
30
0
4
11
23
2b
30
2
4
11
23
31
30
0
2
16
14
0
3
11
2d
30
2
3
26
2d
30
3
4
11
23
2b
30
2
3
35
38
36
2
4
26
22
31
30
3
2
25
37
1
1
14
0
2
23
2c
1
2
11
2c
2
1
39
0
2
23
30
1
3
11
22
30
3
2
1b
22
1
1
30
2
2
23
36
3
3
11
23
36
1
2
26
36
2
1
36
3
3
26
23
36
0
3
11
22
30
1
3
25
22
30
2
2
22
36
0
3
5
4
10
3
3
11
5
4
0
4
1b
23
31
10
1
4
15
2d
31
2c
3
3
11
23
31
0
4
1b
23
2b
10
1
2
1b
2b
3
2
1b
37
2
2
11
16
3
2
11
16
1
3
35
2d
39
3
2
26
2d
1
1
25
2
3
26
2d
36
0
2
5
4
1
1
2b
0
3
11
23
31
1
3
26
38
31
2
2
35
2d
3
3
26
23
31
0
3
1b
22
2b
1
2
25
37
2
3
26
22
34
3
2
1b
34
0
3
e
6
f
2
3
15
5
d
3
4
15
16
6
27
2
2
15
39
3
3
15
4
30
0
2
18
f
2
3
17
2d
33
3
3
17
29
33
2
2
15
36
3
3
28
2d
33
2
1
15
3
3
17
2d
33
3
2
0
21
0
2
1
4
2
3
12
8
36
3
4
12
8
2e
36
3
4
a
22
2e
36
2
1
35
3
4
28
3a
2e
36
3
2
7
1c
0
3
e
6
10
2
4
15
5
3
d
3
2
1c
6
2
3
15
31
39
3
2
1b
4
0
3
18
6
1a
2
3
17
29
33
3
2
17
29
2
4
35
2d
34
36
3
2
28
34
0
4
17
2d
31
33
1
4
15
2d
31
36
2
3
15
2d
36
3
3
17
2d
34
0
4
17
29
34
33
1
2
28
34
3
2
0
34
3
3
b
3
1f
3
3
23
9
1f
1
3
16
6
39
3
3
29
3
19
1
3
5
9
27
3
2
22
32
3
3
15
2d
31
2
2
16
39
3
4
35
16
31
36
1
4
15
16
31
39
1
4
15
16
31
36
3
3
3b
38
34
3
3
17
2d
19
1
3
15
2d
36
1
3
28
2d
33
2
2
2d
33
3
2
0
38
2
1
27
3
4
2
b
9
1f
3
4
2
23
2b
1f
1
4
35
2d
34
36
3
4
20
29
2e
19
1
4
a
23
2e
33
2
2
29
33
3
3
20
22
2e
0
2
3
1f
2
4
17
5
3
d
3
4
17
e
3
27
3
3
12
23
24
0
4
15
16
3
2a
3
4
17
29
3
33
0
4
15
5
9
27
2
4
17
2d
2e
27
3
2
2
32
2
3
15
6
39
3
3
15
31
36
3
2
35
6
0
3
15
31
39
3
3
35
6
36
0
3
15
31
36
2
3
35
34
36
3
2
3b
34
0
1
1a
2
2
15
2a
3
2
17
33
3
1
28
0
2
17
19
0
2
15
33
2
2
35
33
3
1
0
0
2
c
1f
2
4
12
b
3
27
3
4
12
22
9
36
3
3
a
22
34
3
4
28
38
2e
36
0
4
12
8
2e
33
2
4
a
22
34
36
3
2
2
34
0
1
1f
2
1
d
3
2
18
27
3
2
16
27
0
1
f
1
1
39
3
2
29
33
0
1
27
1
2
2d
27
3
1
22
0
2
16
f
3
3
15
16
36
1
2
35
39
0
2
16
36
1
3
15
16
36
2
2
16
36
3
1
3b
0
2
5
19
3
3
12
b
33
3
3
a
22
33
0
1
16
3
3
28
38
36
0
2
8
33
1
3
a
38
33
2
2
22
33
3
2
2
38
0
3
16
3
19
2
4
17
18
3
19
3
3
20
18
3
3
2
20
3
0
2
16
6
0
4
1b
b
24
19
2
4
2
b
34
19
3
2
2
37
0
3
16
6
f
3
2
15
6
0
4
15
16
6
f
1
2
15
6
0
3
16
6
36
0
2
16
1a
2
1
17
3
2
17
2d
3
1
17
0
3
20
2d
33
2
2
17
38
0
2
1c
c
2
3
12
b
2f
3
2
12
3
3
2
12
34
3
2
17
2f
0
3
1b
3a
2e
1
1
2e
2
3
12
38
34
2
3
16
6
27
3
1
2f
2
3
16
6
f
3
1
3
1
3
16
6
f
2
2
16
f
2
3
8
2f
27
3
1
37
2
3
11
1c
30
3
1
34
1
4
1b
1c
37
30
2
4
26
22
34
30
2
3
20
16
33
1
3
15
16
6
1
4
28
2d
2e
33
2
4
20
3a
2f
33
2
2
12
1c
1
2
a
2e
2
2
12
2f
0
2
6
1f
2
4
20
16
6
1f
3
2
3
30
3
2
3
19
0
4
1b
1c
2e
27
2
4
2
8
2e
27
0
2
1d
10
2
2
11
30
3
3
11
37
30
3
2
35
34
0
1
15
0
3
11
37
30
2
3
26
34
30
2
2
17
2a
3
3
17
38
33
3
3
28
38
34
0
4
17
29
2e
33
2
4
28
38
34
33
0
1
1d
0
1
34
2
1
34
0
2
16
19
2
1
19
3
3
20
18
33
3
3
20
16
33
1
1
f
0
3
20
b
27
1
4
12
2d
c
27
2
3
17
8
27
3
1
20
2
1
30
3
4
11
38
34
30
3
4
3b
38
34
36
0
4
11
38
37
30
1
4
26
38
34
30
2
3
15
38
30
3
3
25
38
34
0
3
17
29
33
2
2
38
33
3
1
12
3
1
a
0
2
17
2e
1
2
28
2e
2
1
38
2
1
2f
0
2
1c
1d
3
1
1d
0
2
22
37
1
1
34
2
2
1b
22
2
2
16
2f
0
2
29
2e
3
4
11
16
6
1f
3
2
25
1d
3
3
23
2f
19
2
2
11
1f
3
2
11
6
0
3
1b
37
27
2
3
25
31
27
3
2
1b
2f
0
3
1b
1c
2f
2
1
2
3
2
16
19
0
1
1c
1
1
16
0
3
38
37
27
2
2
25
38
0
2
1c
2f
2
2
2
5
2
3
e
6
10
2
4
25
1c
6
10
2
2
2f
19
0
3
1b
2f
1f
2
4
1b
e
6
1f
0
1
19
2
3
1b
6
1f
0
2
21
19
2
2
20
19
2
1
20
0
2
20
19
1
3
20
3
19
1
2
20
19
0
2
4
f
3
2
15
36
2
3
12
34
36
3
2
12
2e
3
2
11
34
0
2
4
10
2
1
11
3
1
31
0
3
38
31
36
0
1
6
2
3
12
1c
2e
0
2
1b
38
1
1
35
2
1
3b
0
1
22
0
2
6
10
2
4
1b
5
6
10
3
3
1b
6
10
3
2
1b
6
2
3
11
6
2c
3
3
11
2b
10
2
2
26
10
0
2
38
36
3
1
36
2
2
20
36
0
1
10
2
1
10
3
1
5
0
2
16
30
0
2
1c
1f
1
3
20
2f
1f
3
1
11
0
2
38
39
3
2
35
38
0
2
38
30
1
2
1b
30
0
1
38
3
1
38
0
2
20
38
1
1
0
1
1
31
0
1
17
2
2
1b
34
3
3
20
1c
19
3
2
20
21
1
1
17
0
1
2d
0
2
38
34
1
1
2f
1
1
20
1
1
36
3c
0
2
0
1
1
2
1
2
0
2
1
2
2
2
1
3
2
2
2
3
1
2
2
3
2
1
3
0
3
0
1
2
1
3
0
1
2
2
4
0
1
2
3
0
4
0
1
2
3
1
4
0
1
2
3
2
3
1
2
3
3
4
0
1
2
3
1
3
1
2
3
3
1
3
3
1
2
0
2
2
3
0
3
1
2
3
3
3
1
2
3
3
2
2
3
0
1
3
1
1
3
0
2
1
3
1
2
1
3
3
1
1
3
2
1
3
0
1
2
1
1
2
2
1
2
2
2
1
2
3
2
1
2
0
1
1
1
1
1
1
2
0
2
1
3
0
2
3
2
3
0
1
3
0
2
0
2
0
3
0
2
3
3
3
0
1
2
0
3
0
1
3
1
3
0
1
3
3
3
0
1
3
2
3
0
2
3
3
3
0
2
3
1
2
0
3
2
2
0
1
2
1
1
3
2
0
2
2
2
0
3
2
3
0
1
2
3
2
0
1
2
1
0
0
2
0
3
3
1
0
2
2
0
2
1
1
0
3
2
0
3
1
2
0
1
0
1
0
4
0
0
1
0
2
0
3
0
