5
Network name: Triangle network; Outcomes per party: 2; Inflation size: 2x2x2; Using the 12 symmetries of the distribution SRB; The inflation has 96 symmetries
2
c
1
0
1
0
1
0
2
0
1
2
0
2
0
1
1
2
2
3
4
0
2
0
1
1
1
2
0
1
3
1
1
4
5
0
2
0
1
1
2
2
3
1
1
4
1
2
5
6
0
1
7
8
0
2
0
1
1
2
2
3
0
1
4
1
2
5
6
1
1
7
0
1
8
1
2
9
a
1
1
b
c
0
2
0
1
1
1
2
0
2
3
4
1
1
5
1
2
6
7
0
2
8
9
1
2
a
b
1
1
c
1
1
d
0
2
e
f
1
1
10
1
1
11
12
0
2
0
1
1
2
2
3
1
2
4
5
0
1
5
1
1
6
1
1
7
0
2
8
1
1
2
9
a
0
2
b
c
1
2
d
c
0
1
e
1
1
f
0
1
10
1
1
11
0
2
12
13
1
2
14
13
1
1
15
0
1
16
17
0
2
0
1
1
1
2
0
2
3
4
1
1
5
0
1
1
1
2
6
1
1
2
7
4
1
1
8
0
1
9
0
1
a
1
1
b
0
1
5
1
1
a
0
1
2
1
2
6
b
1
2
c
d
1
1
d
0
2
e
8
0
2
f
1
1
1
c
0
1
b
1
1
10
1
1
11
12
0
2
0
1
1
2
2
1
1
1
1
0
1
1
1
2
0
3
1
2
0
1
0
2
0
3
0
2
2
1
1
1
2
1
2
2
3
1
2
0
4
1
1
0
0
1
4
1
1
5
0
1
0
0
1
3
0
1
5
0
1
2
6
0
2
0
1
1
1
1
0
1
1
1
2
0
1
1
1
0
0
1
0
2
0
0
1
0
