5
Network name: Triangle network; Outcomes per party: 2; Inflation size: 2x3x3; Using the 12 symmetries of the distribution SRB; The inflation has 288 symmetries
2
15
1
0
2
0
1
2
0
2
0
1
1
1
2
3
0
2
0
1
1
2
2
3
1
1
4
5
0
2
0
1
1
1
2
0
1
3
1
2
4
5
1
1
6
7
0
2
0
1
1
2
2
3
1
2
4
5
1
2
6
7
0
2
8
9
1
1
a
1
1
b
c
0
2
0
1
1
2
2
3
0
2
4
5
1
2
6
7
0
2
8
9
1
1
a
0
1
b
1
1
c
0
1
d
1
1
e
0
1
f
0
1
10
11
0
2
0
1
1
1
2
0
2
3
4
1
1
5
0
1
6
1
2
7
8
0
2
9
a
1
2
b
c
0
1
d
1
2
e
f
0
1
10
1
1
11
0
2
12
13
1
2
14
15
0
1
16
1
1
17
1
1
18
19
0
2
0
1
1
2
2
3
1
2
4
5
0
1
6
1
1
7
1
1
8
1
2
9
a
0
2
b
c
1
2
d
e
0
2
f
10
1
2
11
12
0
2
13
14
1
2
15
16
1
2
17
18
0
2
19
1a
1
2
1b
1c
0
1
1d
1
1
1e
0
1
1f
1
1
20
0
2
21
22
1
1
23
0
1
24
1
1
25
1
1
26
27
0
2
0
1
1
2
2
3
0
2
4
5
1
2
6
7
0
1
8
1
2
9
a
1
2
b
c
1
2
d
e
1
1
f
0
2
10
11
1
2
12
13
0
2
14
15
1
1
16
0
2
17
18
1
2
19
1a
0
2
1b
1c
1
2
1d
1e
0
2
1f
20
1
2
21
22
0
2
23
24
1
2
25
26
0
2
27
28
1
2
29
2a
0
2
2b
2c
1
2
2d
2e
0
1
2f
1
1
30
0
1
31
1
2
32
33
1
2
34
35
0
2
36
37
0
2
38
39
0
2
3a
3b
0
2
3c
3d
1
1
3e
0
1
3f
1
1
40
0
2
41
42
0
1
43
44
0
2
0
1
1
2
2
3
0
1
4
1
1
5
0
2
6
7
1
2
8
9
0
2
a
b
1
2
c
d
1
2
e
f
0
2
10
11
1
1
12
0
2
13
14
1
2
15
16
0
2
17
18
1
2
19
1a
1
1
1b
0
2
1c
1d
1
2
1e
1f
0
1
20
1
1
21
0
2
22
23
1
2
24
25
0
1
26
0
2
27
28
1
2
29
2a
0
2
2b
2c
1
1
2d
0
2
2e
2f
1
2
30
31
0
2
32
33
1
2
34
35
0
2
36
37
1
2
38
39
0
2
3a
3b
1
2
3c
3d
0
2
3e
3f
1
2
40
41
0
2
42
43
1
2
44
45
0
2
46
47
1
1
48
0
2
49
4a
1
1
4b
0
2
4c
4d
1
2
4e
4f
0
1
50
1
1
51
1
2
52
53
0
2
54
55
1
1
56
0
2
57
58
1
1
59
0
1
5a
1
1
5b
0
2
5c
5d
1
1
5e
0
1
5f
1
1
60
0
1
61
1
2
62
63
0
2
64
65
1
1
66
0
1
67
1
1
68
0
1
69
0
1
6a
1
1
6b
1
1
6c
6d
0
2
0
1
1
2
2
3
0
1
4
1
1
5
1
2
6
7
1
1
8
0
1
9
1
1
a
0
2
b
c
1
2
d
e
0
2
f
10
1
2
11
12
0
2
13
14
1
2
15
16
0
1
17
1
1
18
0
2
19
1a
1
2
1b
1c
0
1
1d
0
2
1e
1f
1
2
20
21
0
1
22
1
1
23
0
1
24
1
1
25
0
2
26
27
1
2
28
29
0
1
2a
0
2
2b
2c
1
2
2d
2e
0
2
2f
30
1
2
31
32
1
2
33
34
1
1
35
0
2
36
37
1
2
38
39
0
1
3a
1
2
3b
3c
1
2
3d
3e
0
2
3f
40
1
2
41
42
0
2
43
44
1
1
45
0
2
46
47
1
2
48
49
0
2
4a
4b
0
1
4c
1
2
4d
4e
0
2
4f
50
1
2
51
52
0
1
53
1
2
54
55
0
2
56
57
1
1
58
0
1
59
1
2
5a
5b
0
2
5c
5d
1
2
5e
5f
0
2
60
61
1
2
62
63
0
1
64
1
1
65
0
1
66
1
2
67
68
0
2
69
6a
1
1
6b
0
2
6c
6d
1
2
6e
6f
0
1
70
1
1
71
0
1
72
1
1
73
0
2
74
75
0
2
76
77
1
1
78
0
1
79
0
1
7a
1
1
7b
0
2
7c
7d
1
1
7e
1
1
7f
1
1
80
0
2
81
82
1
1
83
0
1
84
1
1
85
0
1
86
0
1
87
1
1
88
0
1
89
1
1
8a
1
1
8b
0
2
8c
8d
1
1
8e
0
1
8f
1
2
90
91
0
1
92
1
1
93
0
2
94
95
1
1
96
0
1
97
1
1
98
0
1
99
1
1
9a
0
1
9b
1
1
9c
0
1
9d
0
2
9e
9f
0
1
9f
a0
0
2
0
1
1
2
2
3
0
2
4
5
1
2
6
7
1
2
8
9
1
2
a
b
0
2
c
d
1
2
e
f
1
2
10
11
1
2
12
13
1
2
14
15
0
2
16
17
1
2
18
19
0
2
1a
1b
1
2
1c
1d
0
2
1e
1f
1
2
20
21
0
2
22
23
1
2
24
25
0
2
26
27
1
2
28
29
0
2
2a
2b
1
2
2c
2d
1
2
2e
2f
1
1
30
0
2
31
32
1
2
33
34
0
2
35
36
1
2
37
38
1
2
39
3a
0
1
3b
1
1
3c
0
1
3d
1
1
3e
1
1
3f
1
1
40
1
1
41
1
1
42
0
1
43
1
1
44
0
1
45
1
1
46
1
1
47
0
2
48
49
1
2
4a
4b
0
2
4c
4d
1
2
4e
4f
0
2
50
51
1
2
52
53
0
2
54
55
1
2
56
57
0
2
58
59
1
2
5a
5b
0
2
5c
5d
0
2
5e
5f
1
2
60
61
0
2
62
63
1
2
64
65
1
2
66
67
0
2
68
69
1
2
6a
6b
0
2
6c
6d
1
2
6e
6f
0
2
70
71
1
2
72
73
0
2
74
75
1
2
76
77
0
2
78
79
1
2
7a
7b
0
2
7c
7d
0
2
7e
7f
1
2
80
81
0
2
82
83
1
2
84
85
0
2
86
87
1
2
88
89
1
1
8a
0
1
8b
1
1
8c
0
1
8d
1
1
8e
0
1
8f
1
1
90
1
1
91
0
1
92
1
1
93
0
1
94
1
1
95
0
1
96
1
1
97
0
1
98
1
1
99
0
1
9a
1
1
9b
0
1
9c
1
1
9d
0
1
9e
1
1
9f
0
1
a0
1
1
a1
0
1
a2
0
1
a3
1
1
a4
0
1
a5
1
1
a6
0
1
a7
1
1
a8
0
1
a9
0
1
aa
1
1
ab
0
1
ac
1
1
ad
0
1
ae
0
1
af
1
1
b0
0
1
b1
0
1
b2
1
1
b3
0
1
b4
1
1
b5
0
1
b6
0
1
b7
1
2
b8
b9
1
2
ba
bb
0
2
bc
bd
1
2
be
bf
0
2
c0
c1
0
2
c2
c3
0
2
c4
c5
0
2
c6
c7
1
2
c8
c9
0
1
ca
1
2
cb
cc
0
2
cd
ce
1
2
cf
d0
0
2
d1
d2
0
2
d3
d4
0
2
d5
d6
0
1
d7
0
1
d8
0
2
d9
da
1
2
db
dc
0
2
dd
de
1
2
df
e0
0
1
e1
1
1
e2
1
1
e3
0
1
e4
0
1
e5
1
1
e6
0
1
e7
1
2
e8
e9
1
2
ea
eb
1
2
ec
ed
0
2
ee
ef
1
2
f0
f1
0
1
f2
1
2
f3
f4
0
1
f5
1
1
f5
f6
0
2
0
1
1
2
2
3
0
2
4
5
1
2
6
5
0
2
7
8
1
2
9
a
0
2
b
c
1
2
d
c
0
2
e
f
1
2
10
f
0
2
11
12
1
2
13
14
0
2
15
16
1
2
17
16
0
2
18
19
1
2
1a
19
0
2
1b
1c
1
2
1d
1c
0
2
1e
1f
1
2
20
21
0
2
22
23
1
2
20
24
0
2
25
26
1
2
27
28
0
2
29
2a
1
2
2b
2c
0
2
2d
2e
1
2
27
2f
0
2
30
31
1
2
32
33
0
2
34
35
1
2
36
37
0
2
38
39
1
2
3a
3b
0
2
3c
3d
1
2
3e
3f
0
2
40
41
1
2
42
43
0
2
44
45
1
2
46
47
0
2
48
49
1
2
4a
4b
0
2
4c
4d
1
2
4e
4f
0
2
50
51
1
2
1d
52
0
1
53
1
2
54
55
1
2
56
57
0
1
58
1
2
59
5a
0
1
5b
1
2
5c
5d
0
1
5e
1
2
5f
60
0
1
61
1
2
62
63
0
1
57
1
2
64
57
1
2
2
65
1
2
66
67
1
2
68
69
1
2
6a
6b
1
2
6c
6d
1
2
1b
6e
1
2
6f
70
1
2
40
71
1
2
72
69
1
2
48
73
1
2
4c
65
1
2
50
51
1
1
57
0
2
74
75
1
2
76
77
0
2
78
79
1
2
7a
79
0
2
7b
7c
1
2
7d
7c
0
2
7e
7f
1
2
80
81
0
2
82
83
1
2
84
83
0
2
85
86
1
2
87
86
0
2
88
89
1
2
8a
8b
0
1
8c
1
2
8d
8c
0
2
8e
8f
1
2
90
8f
0
2
91
92
1
2
93
92
0
2
94
95
1
2
96
95
0
1
97
1
2
98
99
0
1
9a
1
2
9b
9c
0
1
9d
1
2
9e
9f
0
1
a0
1
2
a1
a2
0
1
a3
1
2
a4
a3
0
1
a5
1
2
a6
a7
0
1
a8
1
2
a9
aa
0
1
ab
1
2
ac
ab
0
1
ad
1
2
ae
af
0
1
b0
1
2
b1
b2
0
1
b3
1
2
b4
b5
0
1
b6
1
2
b7
b8
0
1
b9
1
2
ba
bb
0
1
bc
1
2
bd
be
0
1
bf
1
2
c0
c1
0
1
c2
1
2
c3
c4
0
1
c5
1
2
c6
c7
0
1
c8
1
2
c9
ca
0
1
cb
1
2
cc
cd
0
1
ce
1
2
cf
d0
0
1
d1
1
2
d2
d3
0
1
d4
1
2
d5
d6
1
2
d7
d8
1
2
d9
da
1
2
db
dc
1
2
dd
de
1
2
df
e0
1
2
e1
e2
1
2
e3
e4
1
2
e5
e6
1
2
e7
e8
1
2
e9
ea
1
1
eb
1
2
ec
ed
1
2
ee
ef
1
2
f0
f1
1
2
f2
f3
1
2
f4
f5
1
2
f6
f7
1
2
f8
f9
1
2
fa
fb
1
1
fc
1
2
fd
fe
1
2
ff
100
1
2
101
102
1
2
103
104
1
2
105
106
1
2
94
ef
1
1
107
1
1
108
1
1
109
1
1
10a
1
1
10b
1
1
10c
1
1
10d
1
1
10e
1
1
10f
1
1
110
1
1
111
1
1
112
1
1
113
1
1
114
1
1
115
1
1
116
1
1
117
1
1
118
1
1
119
1
1
11a
0
2
11b
11c
1
2
11d
e6
0
2
11e
11f
1
2
120
121
0
2
122
123
1
2
124
125
0
2
126
127
1
2
128
129
0
2
12a
12b
1
2
12c
12d
0
2
12e
12f
1
2
130
131
0
2
94
132
1
2
ee
133
0
1
134
1
1
135
0
1
136
1
2
137
138
1
1
139
0
1
13a
1
2
13b
13c
0
1
13d
1
2
13e
13f
0
1
116
1
2
140
141
0
1
117
1
2
142
143
0
1
119
1
2
144
145
0
1
11a
1
1
146
1
2
147
148
1
1
149
0
1
14a
1
2
14b
14c
0
1
14d
1
2
14e
14f
0
1
150
1
2
151
152
0
1
153
1
2
154
155
1
1
156
1
2
157
158
1
1
159
1
2
15a
15b
1
2
15c
15d
1
2
15e
15f
1
1
160
0
1
161
1
2
162
163
0
1
164
1
2
165
166
0
1
167
1
1
168
0
1
13f
1
2
169
13f
0
1
16a
1
1
16b
1
1
169
0
1
16c
1
1
16d
0
1
16e
16f
0
2
0
1
1
2
2
3
0
1
4
1
1
5
0
2
6
7
1
2
8
9
0
2
a
b
0
1
c
1
2
d
e
0
2
f
10
1
2
11
5
0
2
12
13
1
2
14
15
0
2
16
17
0
2
18
19
1
2
2
1a
0
2
1b
1c
0
2
1d
1e
1
2
1f
20
0
2
21
22
1
2
1f
23
0
2
24
25
1
2
26
27
0
2
28
29
0
2
2a
2b
1
2
2c
2d
0
2
2e
2f
0
2
30
31
1
1
30
0
2
32
31
0
2
33
34
1
2
35
36
0
2
37
38
1
2
39
3a
0
1
3b
1
2
3c
3d
1
2
39
3e
0
2
3f
40
1
2
41
42
0
2
37
43
1
2
44
45
0
2
46
47
1
2
48
49
0
2
4a
4b
1
2
4a
4c
0
1
4d
1
1
4e
1
2
44
4f
0
1
50
1
2
51
52
0
2
53
54
1
2
55
56
0
2
57
58
1
2
59
5a
0
2
5b
5c
1
2
5d
5a
0
2
5e
5f
1
2
60
61
0
2
62
63
1
2
64
65
0
1
66
1
2
67
68
0
2
69
6a
1
2
6b
6c
0
1
6d
1
2
6e
6f
0
2
70
71
1
2
72
73
0
2
74
75
1
2
76
77
0
2
78
79
1
2
7a
7b
0
2
7c
7d
1
2
7e
7f
0
2
80
81
1
2
82
83
0
1
84
1
2
85
86
0
2
87
88
1
2
89
8a
0
1
8b
1
2
8c
8d
1
2
8e
8d
1
2
8f
90
0
2
91
92
1
2
93
94
0
2
95
96
1
1
97
1
2
98
99
0
2
9a
9b
1
2
9c
99
1
2
9d
9e
0
2
9f
a0
1
2
a1
a2
1
1
a3
0
2
a4
a5
1
2
a6
a7
1
1
a8
0
2
a9
aa
1
2
ab
ac
0
2
ad
ae
1
1
94
0
2
af
b0
1
2
b1
b2
0
1
b3
1
2
b4
94
0
2
b5
b6
1
2
b7
b8
0
2
b9
ba
1
1
b4
1
1
8c
0
2
bb
bc
1
2
bd
3e
1
2
be
bf
0
2
74
c0
1
2
c1
c2
0
2
c3
c4
1
2
c5
c6
0
1
c7
1
1
c6
0
2
c8
c9
1
2
ca
cb
0
2
cc
cd
0
1
ce
1
2
cf
d0
0
2
d1
d2
0
1
d3
1
2
d4
d5
0
2
d6
d7
1
2
d8
d9
0
2
da
db
1
2
dc
dd
0
2
de
df
0
2
e0
e1
1
2
e2
e3
0
2
e4
e5
0
1
e6
1
2
e7
e8
0
2
e9
ea
1
2
eb
ec
1
2
ed
ee
0
2
ef
f0
0
1
f1
1
2
f2
f3
0
2
f4
f3
0
1
f5
1
2
f6
f7
0
2
f6
f8
0
1
f9
1
2
fa
fb
0
2
fa
fc
1
2
fd
fe
0
1
ff
1
1
fe
1
2
100
101
0
2
102
103
1
2
104
105
1
2
106
107
0
1
108
1
2
109
10a
1
2
10b
10c
0
2
10d
10e
1
2
10f
110
1
1
111
0
2
112
113
1
2
114
115
0
2
116
117
1
2
118
119
1
1
11a
0
2
11b
11c
1
1
11d
1
2
11e
11f
0
2
f4
120
1
1
121
0
2
122
123
1
2
124
125
1
2
126
127
0
1
128
1
1
129
1
2
12a
12b
0
2
12c
12d
1
2
12e
12f
1
1
130
0
1
131
1
2
132
133
1
1
134
0
2
135
136
1
2
137
138
1
2
139
13a
0
2
13b
13c
1
2
13d
13e
1
1
13f
0
2
140
141
1
2
142
143
1
1
144
0
2
145
146
1
2
147
148
1
2
149
14a
0
2
14b
14c
1
2
14d
14e
1
2
14f
150
0
2
151
152
1
2
153
154
1
1
155
0
2
156
157
1
2
158
159
1
1
15a
0
2
15b
15c
1
2
15d
15e
1
2
15f
160
0
2
161
162
1
2
163
164
1
1
165
0
1
166
1
1
167
0
2
168
169
1
2
16a
16b
0
1
16c
1
1
16d
0
2
16e
16f
1
2
170
171
0
2
172
173
1
2
174
175
0
2
176
177
1
2
178
179
0
2
17a
17b
1
2
17c
17d
0
2
17e
17f
1
1
180
0
1
181
1
1
16b
0
2
182
183
1
2
184
185
0
2
186
187
1
2
188
189
0
1
18a
0
1
18b
1
1
18c
0
2
18d
fc
1
2
18e
fb
0
2
18f
190
1
2
191
192
0
1
193
1
1
194
0
1
195
1
2
196
197
0
2
198
199
1
2
19a
19b
0
2
19c
19d
1
2
19e
19f
0
1
1a0
1
2
1a1
1a2
1
1
1a3
0
1
1a4
1
1
1a5
0
2
1a6
1a7
1
2
1a8
1a9
0
1
1aa
1
2
1ab
1ac
0
1
1ad
1
2
1ae
1af
0
2
1b0
1b1
1
2
1b2
1b3
1
2
1b4
1b5
1
1
1b6
1
2
1b7
1b8
1
2
1b9
1ba
1
1
1bb
1
2
1bc
1bd
1
1
1be
1
2
1bf
1c0
1
2
1c1
1c2
1
2
1c3
1c4
1
2
1c5
1b3
1
2
1c6
fb
1
1
1c7
1
1
1c8
1
1
1c9
1
1
1ca
1
2
1cb
1cc
1
1
1cd
1
1
1ce
1
1
1cf
0
2
1d0
1d1
1
2
1d2
1d3
0
1
1d4
0
1
1d5
1
2
1d6
1d7
0
2
1d8
1d9
1
2
1da
16b
0
2
1db
1dc
1
2
1dd
1de
0
2
1df
1e0
1
2
1e1
1de
0
1
1e2
1
1
1e3
0
2
1e4
1e5
1
1
1e6
0
1
1e7
1
2
1e8
1e9
0
2
1ea
1eb
1
2
1ec
1ed
0
1
1ee
1
2
1ef
1f0
0
1
1f1
1
1
1f2
1
1
18e
1
1
1f3
1
2
1f4
1f5
0
1
1f6
1
1
1f7
0
2
1f8
1f9
1
1
1fa
0
2
1fb
1fc
1
1
1fd
0
2
1fe
1ff
1
1
200
1
2
201
202
0
1
203
1
1
1ff
0
2
204
205
1
1
206
0
1
207
1
1
208
0
1
205
1
1
209
0
2
1cf
20a
0
1
20b
1
1
20c
0
1
fb
1
2
20d
20e
0
1
20f
1
1
20e
1
1
210
0
1
211
1
2
212
213
1
1
214
0
1
215
1
1
216
1
1
217
0
2
218
219
1
1
21a
0
1
21b
0
1
21c
1
2
21d
21e
0
1
21f
0
1
220
1
1
221
0
2
222
223
1
1
224
0
1
225
1
1
226
0
1
227
1
2
228
229
0
1
22a
1
1
175
1
2
22b
22c
0
1
22c
1
1
22d
1
1
22e
1
1
22f
0
1
1ff
1
1
230
1
1
231
1
1
232
0
1
233
1
1
234
235
0
2
0
1
1
2
2
3
0
1
4
1
1
5
1
2
6
7
1
1
8
0
2
9
1
1
2
a
b
0
2
c
1
1
2
d
e
0
2
f
1
1
2
10
b
1
2
11
12
0
1
13
1
1
14
0
2
15
16
1
2
17
18
0
1
19
0
1
1a
1
2
1b
1c
0
2
1d
1a
1
2
1e
1f
0
2
20
1a
1
2
21
1c
0
2
22
23
1
2
24
25
1
1
26
0
2
27
23
1
2
28
25
0
1
29
1
2
2a
2b
0
1
2c
1
1
2d
0
2
2e
29
1
2
2f
2b
1
1
30
0
1
31
1
2
32
33
0
1
34
1
1
35
0
2
6
31
1
2
36
33
0
1
7
1
2
37
38
0
2
39
7
1
2
3a
3b
0
2
3c
7
1
2
3d
38
0
1
8
1
2
3e
3f
0
2
40
8
0
1
41
1
1
42
0
2
43
44
1
2
45
46
0
2
47
16
1
2
48
49
0
2
4a
4b
1
2
4c
8
1
1
4d
0
2
4e
44
1
2
4f
50
1
2
4c
51
0
1
52
1
1
44
0
1
53
1
1
46
1
2
54
55
0
2
56
57
1
2
39
8
0
1
58
1
1
59
0
2
5a
44
1
2
5b
5c
0
2
5d
44
1
2
5e
5f
1
2
5e
5c
1
1
60
1
1
50
1
2
39
51
1
1
61
0
1
46
1
2
62
63
0
2
64
46
1
2
65
66
0
2
64
67
1
2
65
68
0
1
69
1
1
6a
0
2
6b
6c
1
2
6d
6e
0
2
6f
6c
1
2
6d
6a
0
2
47
70
0
1
71
1
1
72
0
2
73
16
1
2
74
75
0
2
76
16
1
2
77
78
0
2
76
79
1
2
77
75
1
1
7a
0
1
7b
1
2
7c
7d
0
2
7e
7b
1
2
7e
7f
0
2
48
80
1
2
7e
7d
1
1
81
0
2
82
83
1
2
84
85
0
2
86
49
1
2
87
88
0
2
86
83
1
2
87
85
0
1
89
1
1
8a
0
1
8b
1
1
8c
0
2
4a
8b
1
2
8d
8a
0
2
4a
8e
1
2
8d
8c
0
1
8f
1
1
90
0
2
91
92
1
2
93
94
0
2
95
4b
1
2
96
97
0
2
95
92
1
2
96
94
1
1
98
0
1
99
1
1
9a
0
2
4c
9b
1
2
9c
9d
0
2
4c
99
1
2
9c
9a
1
1
3f
0
1
51
1
1
3e
0
2
40
51
0
1
9e
1
1
9f
0
2
a0
79
1
2
17
a1
0
1
a2
1
1
51
0
2
a3
a4
1
1
a5
0
1
a6
0
1
a7
1
1
a8
0
2
a9
70
1
2
aa
6e
0
1
ab
0
1
ac
1
1
ad
0
2
ae
79
1
2
af
b0
0
2
b1
b2
1
2
b3
b4
1
1
b5
0
2
b6
b7
1
2
b8
b9
0
1
ba
1
1
bb
1
1
bc
0
2
bd
be
1
2
bf
c0
0
2
c1
c2
1
2
c3
bc
0
2
c4
c5
1
2
c6
c7
0
2
c8
16
1
2
74
78
0
2
54
c9
1
2
ca
cb
1
2
cc
18
0
1
cd
0
1
18
1
2
ce
cf
0
2
d0
d1
1
2
d2
d3
0
2
91
19
1
2
93
d4
0
1
d5
1
1
49
0
2
4a
d6
0
2
d7
d6
1
2
9c
51
1
1
4b
0
2
91
d6
1
1
93
0
1
d8
1
1
d9
0
2
da
db
1
2
dc
dd
1
2
de
d9
0
1
df
1
1
e0
0
2
f
e1
1
2
e2
e3
0
2
e4
1
1
2
e5
b
1
1
e6
0
2
e7
e8
1
2
e9
ea
0
1
eb
1
2
ec
ed
1
1
ee
0
2
ef
f0
1
2
f1
f2
0
2
f3
f4
1
2
f5
f6
0
2
f7
f8
1
2
f9
fa
0
1
fb
1
1
fc
0
2
fd
fe
1
2
ff
100
0
2
101
102
1
2
103
104
0
1
105
1
1
106
0
2
107
108
1
1
109
0
2
10a
10b
1
2
10c
10d
1
1
10e
0
2
10f
110
1
2
111
112
0
2
113
114
1
2
115
116
0
2
117
118
1
2
119
11a
0
2
11b
11c
1
1
11d
0
2
11e
11f
1
1
120
1
1
121
0
2
122
123
1
2
124
125
0
1
123
1
1
126
0
2
127
128
1
2
129
12a
1
2
129
12b
1
1
12c
0
2
12d
12a
1
1
12e
1
2
12e
12c
0
1
12f
1
1
130
1
2
131
132
0
1
133
1
1
134
0
2
135
136
1
2
137
138
0
2
139
133
1
2
13a
134
0
1
13b
1
1
13c
1
2
13d
13e
0
2
13f
13b
1
2
140
13c
0
1
141
1
1
142
0
2
143
144
1
2
145
146
0
2
147
141
1
2
148
142
0
1
149
0
2
14a
14b
1
2
14c
14d
0
1
14e
1
1
14f
0
2
150
14e
1
2
151
152
0
2
153
14e
1
2
154
14f
0
1
11c
0
2
11e
11c
1
2
120
155
0
2
156
11c
0
1
157
1
1
158
1
2
159
125
0
1
128
0
2
129
128
1
2
15a
12b
0
2
15b
128
1
1
15c
0
1
15d
1
1
15e
1
2
15f
160
1
2
161
15e
0
1
162
1
1
163
0
2
164
165
1
2
166
167
0
2
168
169
1
2
16a
16b
1
1
16c
1
2
16d
16e
0
1
16f
1
2
170
171
1
1
172
0
2
173
174
1
2
175
176
0
2
177
178
1
1
177
0
1
179
1
1
17a
0
2
17b
17c
1
2
17d
17e
0
2
17f
180
1
2
181
17a
0
1
182
0
2
183
184
1
2
185
186
0
2
187
188
1
1
189
1
1
18a
0
2
18b
18c
1
2
18d
18e
0
2
18f
190
1
1
191
0
1
192
1
1
193
0
1
194
1
2
195
196
0
2
197
198
1
2
199
193
0
1
19a
1
1
19b
0
2
19c
b2
1
2
19d
19e
0
2
19f
1a0
1
1
1a1
1
1
1a2
0
1
1a3
1
2
1a4
1a5
0
2
1a6
1a7
1
2
1a4
1a2
1
1
1a8
0
2
1a9
1aa
1
2
1ab
1aa
0
2
1ab
1a8
1
1
1ab
0
1
1ac
1
1
1ad
0
2
1ae
1af
1
2
1b0
1b1
0
2
1b2
1b3
1
1
1b0
0
1
1b4
0
2
1b5
1b6
0
2
1b5
1ad
0
2
1b7
1b8
1
2
1b9
1ba
0
2
1bb
1bc
1
1
12d
1
2
1bd
1be
1
2
1bf
1c0
0
1
1c1
1
2
1c2
1c3
0
2
1c4
1c5
1
1
1c6
0
1
1c7
1
2
1c8
1c9
0
1
1ca
1
1
15b
0
2
1cb
1cc
1
2
1cd
1ce
0
2
1cf
1d0
1
1
1d1
0
1
1d2
1
2
1d3
1d4
0
2
1d5
1d6
1
1
1d7
0
1
1d8
1
1
1d9
0
2
1da
1db
1
2
124
128
0
1
1dc
1
2
1dd
1de
0
2
1df
1e0
1
2
1e1
1e2
0
1
1e3
1
2
1e4
1e5
0
2
1e6
1e7
1
1
1e8
1
1
12a
0
2
1e9
1b6
0
1
1b5
0
1
12a
0
2
12d
1ea
0
1
1eb
1
1
1ec
0
2
1ed
1ee
1
1
1ef
1
1
1f0
1
2
1f1
1f2
1
1
1f3
0
2
1f4
1f5
1
1
1f6
0
1
1f7
1
1
1f8
0
2
1f9
1fa
1
1
1fb
0
1
1fc
1
1
1fd
0
2
1fe
1ff
1
1
200
1
1
201
0
2
202
203
1
1
204
0
1
205
1
1
123
1
2
122
1e0
0
1
206
1
1
207
0
2
208
209
1
1
20a
1
1
20b
0
2
20c
20d
1
2
20e
20f
1
1
210
0
2
211
212
1
1
213
0
1
214
1
1
215
0
2
216
217
1
1
218
0
2
219
1ee
1
1
21a
1
2
21b
1f2
0
1
1f5
1
1
21c
0
2
21d
21e
1
1
21f
0
2
220
1ff
0
1
203
1
1
221
1
1
222
0
2
223
209
1
1
224
0
1
20d
1
2
225
20f
0
1
212
1
1
226
0
2
227
217
0
1
1ea
0
1
228
1
1
229
0
1
22a
0
1
22b
0
1
22c
1
1
22d
0
1
22e
1
1
22f
0
1
230
0
1
231
1
1
232
0
2
233
234
1
1
235
1
2
236
128
1
1
237
0
2
238
239
1
1
23a
0
1
23b
1
2
23c
230
0
1
216
0
1
23d
1
1
23e
0
2
233
23f
1
1
240
0
1
241
1
2
242
243
0
1
233
0
1
244
0
2
245
234
0
2
246
247
1
1
248
0
1
245
1
1
249
0
2
24a
24b
1
1
24c
0
1
24d
1
2
24e
24f
0
1
250
1
1
251
1
1
252
0
1
253
1
2
254
255
1
2
256
257
1
1
254
0
1
12d
0
1
258
1
1
259
1
2
1df
25a
0
2
25b
239
0
2
25c
25d
1
1
25e
0
1
25f
0
1
260
1
2
261
262
0
2
261
253
0
1
263
1
1
264
0
1
251
0
1
265
1
2
264
266
1
2
261
266
0
2
267
22e
1
1
261
0
1
268
1
2
269
26a
1
1
26b
1
1
26c
1
1
26d
1
1
256
1
1
26e
0
1
26f
1
1
270
1
2
271
272
0
1
273
1
1
274
0
2
275
276
1
1
277
1
1
278
1
2
279
278
0
1
27a
0
1
27b
0
2
27c
27b
1
1
27d
0
1
27e
1
2
27f
280
1
1
281
0
2
282
283
1
1
284
1
1
285
1
1
286
1
1
287
0
1
288
1
1
289
0
1
28a
0
1
28b
0
1
28c
1
1
28d
0
2
28e
28f
1
1
290
1
1
1df
0
1
291
1
1
292
0
1
293
0
2
294
295
0
1
296
0
1
297
0
1
298
0
1
299
1
1
29a
0
1
29b
29c
0
2
0
1
1
2
2
3
0
2
4
5
1
2
6
3
1
2
7
5
1
2
8
5
0
1
5
1
1
9
1
1
a
0
2
b
c
0
2
d
3
1
2
e
3
0
2
f
3
0
2
10
3
1
2
11
3
0
2
2
3
0
2
11
3
0
2
12
13
1
2
6
14
1
2
7
15
1
2
8
16
0
1
17
1
1
18
0
1
19
1
1
1a
1
1
1b
1
2
6
18
0
2
1c
1d
1
2
1e
1f
0
2
20
21
0
2
22
23
1
2
24
25
0
2
6
18
0
2
24
25
0
2
26
1
1
2
7
3
0
2
27
28
1
2
27
3
1
2
27
5
0
2
7
5
0
2
27
5
1
2
8
29
0
2
2a
2b
1
2
2a
2c
1
2
8
19
1
1
2d
0
2
8
19
0
2
2a
2e
1
1
2f
1
1
3
0
1
1
1
1
30
1
1
5
1
1
31
0
1
31
0
1
32
1
1
33
0
1
34
0
1
35
1
1
36
0
1
9
0
1
36
0
1
37
1
1
37
0
1
a
1
2
38
39
1
2
3a
3b
0
2
3c
3b
1
2
3d
3b
0
2
3e
3b
1
2
8
3b
0
1
3b
0
1
3f
1
1
40
0
1
41
1
1
42
0
1
43
1
2
44
39
0
2
45
3b
0
2
46
3b
1
2
47
48
1
1
49
1
2
4a
39
1
2
7
3b
0
1
21
1
1
4b
0
1
4c
1
1
4d
1
2
4e
39
1
2
4f
3b
0
2
26
50
0
2
27
3b
1
2
51
52
0
2
3d
3b
0
2
53
3b
1
2
53
3b
1
2
54
39
1
2
2a
39
0
2
2a
50
1
1
55
0
2
8
3b
0
2
2a
3b
1
2
2a
3b
1
2
8
48
1
1
56
1
1
39
1
1
14
0
1
50
1
1
3b
0
1
14
1
1
57
0
1
58
1
1
48
1
1
59
1
1
5a
0
1
5b
0
1
5c
1
1
5d
0
1
18
0
1
1f
1
1
1f
1
1
5e
1
1
5f
1
1
3f
0
1
60
1
1
61
0
1
62
1
1
62
1
1
63
1
1
64
0
1
65
1
1
66
0
1
67
1
1
68
0
1
40
0
1
69
1
1
69
1
1
6a
1
1
6b
1
1
41
1
1
6c
0
1
6b
1
1
6d
1
1
6e
1
1
6f
0
1
70
1
1
71
0
1
72
1
1
73
0
1
42
0
1
74
1
1
74
1
1
75
1
1
76
1
1
77
1
1
43
0
1
78
1
1
78
1
2
79
7a
1
2
47
7b
0
1
15
1
1
7c
1
1
7d
0
1
7e
1
1
7f
0
1
80
1
1
81
1
1
7a
1
1
82
0
1
83
0
1
16
1
1
84
1
1
85
1
1
86
0
1
87
0
1
88
1
1
89
0
1
8a
1
1
8b
0
1
8c
1
1
8d
1
1
8e
0
1
8f
1
1
90
0
1
91
1
1
92
1
1
93
1
1
94
1
1
95
0
1
96
1
1
96
0
1
97
1
1
98
0
1
99
1
1
9a
0
1
9b
0
1
9c
1
1
9c
0
1
9d
1
1
9d
0
1
59
1
1
9e
0
1
23
1
1
9f
0
1
a0
1
1
a1
0
1
a2
1
1
a3
0
1
4d
1
1
a4
0
1
a5
1
1
a6
1
1
72
1
1
a7
1
1
a8
0
1
a9
1
2
aa
c
1
2
ab
3
0
2
ac
3
1
2
ad
ae
0
2
ab
3
1
2
af
ae
0
2
b0
30
1
2
b
c
1
2
b1
3
1
2
b2
ae
0
2
e
3
1
2
b3
ae
0
2
b4
30
0
2
b1
30
1
2
b5
b6
0
2
b7
3b
1
2
b8
52
0
2
b9
14
1
2
ba
bb
1
2
b5
39
0
2
b9
bc
1
2
b9
14
1
2
bd
be
0
2
3a
18
1
2
bf
9e
0
2
c0
c1
1
2
c2
c3
0
2
c0
87
1
2
3a
5e
0
2
c0
c4
1
2
c5
c6
0
2
3a
5e
1
2
bf
8b
0
2
c0
89
1
2
c2
c7
1
2
4a
c
1
2
c8
c9
0
2
3c
3
1
2
c2
ae
0
2
c8
3
1
2
ca
ae
0
2
3c
30
1
2
3c
3
0
2
c8
30
1
2
c8
3
1
2
4e
c
1
2
cb
cc
0
2
3d
3
1
2
cd
ae
0
2
53
3
0
2
3d
30
1
2
3d
3
0
2
53
30
1
2
ce
ae
1
2
cf
d0
0
2
3e
3f
1
2
51
d1
0
2
46
d2
1
2
47
d3
0
2
46
61
1
2
3e
63
0
2
46
d4
1
2
d5
d6
0
2
3e
63
1
2
51
d7
0
2
46
d8
1
2
47
d9
0
2
8
90
1
2
47
da
0
2
2a
db
0
2
8
92
1
2
47
90
0
2
2a
dc
1
1
dd
0
1
de
1
1
de
0
1
df
1
1
df
1
1
e0
0
1
e1
1
1
e1
0
1
e2
1
1
e3
1
1
e2
1
1
e4
0
1
e3
0
1
e4
1
2
e5
2f
1
2
e6
2f
0
2
e7
31
1
2
b0
52
1
2
b2
52
1
2
e8
e9
0
2
ea
eb
1
2
b4
52
0
2
d
bc
1
2
b1
52
0
2
ec
57
0
2
ed
57
1
2
ee
52
1
2
ef
bb
0
2
f0
bc
1
2
f0
52
0
2
f1
85
0
2
f2
5e
1
2
f3
9e
1
2
f4
f5
0
2
24
f6
1
2
6
9e
0
2
1e
f7
1
2
f8
9e
0
2
f9
8a
0
2
f8
8a
1
2
cd
2f
0
2
3d
31
1
2
3d
fa
0
2
53
31
1
2
ce
fa
1
2
51
fb
1
2
47
fc
0
2
46
fd
0
2
46
fe
1
2
d5
fb
0
2
51
90
0
2
d5
da
1
1
ff
0
2
47
de
1
1
100
1
1
101
0
1
101
0
1
e0
0
1
102
0
1
103
1
2
104
105
1
2
106
107
0
2
108
109
1
2
108
107
0
2
108
107
1
2
10a
105
1
2
10b
10c
0
2
10d
10e
1
2
10f
107
0
2
110
109
1
2
110
107
0
2
10f
107
1
2
111
107
0
2
110
107
1
2
112
10c
1
2
113
114
0
2
115
109
1
2
116
117
1
2
118
114
0
2
119
11a
1
2
11b
11c
1
2
11d
11e
0
2
11f
120
1
2
121
122
0
2
121
123
1
2
121
124
0
2
121
122
1
2
125
126
1
2
127
105
1
2
128
10c
0
2
129
10e
1
2
12a
107
0
2
12b
109
1
2
12b
107
0
2
12a
12c
1
2
12d
12e
0
2
12b
107
1
2
12f
105
0
2
130
109
1
2
131
107
0
2
132
109
1
2
132
107
0
2
131
107
1
2
128
12e
0
2
132
107
1
1
11e
0
1
120
1
1
122
0
1
133
1
1
124
0
1
134
1
1
135
0
1
136
1
1
105
1
1
137
1
1
138
0
1
139
1
1
12c
0
1
13a
1
1
10c
0
1
12c
1
1
13b
1
1
13c
0
1
13d
0
1
13e
1
1
c6
0
1
8b
1
1
13f
0
1
c6
1
1
140
1
1
141
0
1
142
1
1
142
0
1
141
1
1
143
1
1
144
0
1
145
1
1
146
0
1
146
1
1
147
1
1
148
0
1
149
1
1
14a
0
1
14b
1
1
14b
0
1
14a
1
1
14c
1
1
14d
0
1
14e
1
1
14e
0
2
14f
dd
1
2
150
de
0
2
3e
df
1
2
51
e1
0
2
51
e3
1
2
47
151
0
2
b5
13b
1
2
152
8b
0
2
152
8b
1
2
153
13f
1
2
154
8b
0
2
155
156
1
2
c5
8b
0
2
154
8b
1
2
157
13f
0
2
c5
8b
1
2
51
de
0
2
8
df
1
2
47
e1
1
2
47
158
0
2
4e
159
1
2
15a
da
0
2
4f
15b
1
2
ce
da
0
2
15a
da
1
2
f4
fc
0
2
ce
da
1
2
51
c6
0
2
54
156
1
2
d5
c6
0
2
51
15c
1
2
15d
13f
0
2
d5
15e
1
2
47
8d
0
2
2a
156
0
2
47
8d
1
2
47
13f
1
1
15f
0
1
160
1
1
161
0
1
162
1
1
163
0
1
161
1
1
164
1
1
165
0
1
95
1
1
166
0
1
165
1
1
167
0
1
166
0
1
14d
1
1
151
1
2
168
169
1
2
16a
12c
0
2
16b
12c
1
2
16c
16d
0
2
16a
12c
1
2
16e
169
0
2
152
12c
1
2
10b
16d
1
2
16f
169
0
2
154
12c
1
2
170
16d
0
2
171
12c
1
2
172
169
1
2
173
12c
0
2
174
12c
1
2
175
16d
0
2
173
12c
1
2
130
169
1
2
47
176
0
2
15a
12c
1
2
128
16d
0
2
ce
12c
1
2
cf
169
0
2
51
12c
1
2
177
16d
0
2
cf
12c
0
1
178
1
1
179
1
1
17a
0
1
17b
1
1
17c
0
1
17d
1
1
17e
0
1
17f
1
1
180
0
1
181
1
1
182
1
1
183
0
1
184
1
1
185
0
1
186
1
1
187
1
1
188
0
1
189
1
1
18a
0
1
188
0
2
10a
13b
0
2
18b
18c
0
2
118
13b
0
2
16f
13b
0
2
127
13b
1
2
175
17c
0
2
18d
18c
0
2
12f
13b
0
2
cf
13b
1
1
18e
0
1
179
0
1
17a
0
1
17e
0
1
183
0
1
187
1
2
18f
190
1
2
191
190
1
2
11d
190
1
2
192
190
1
1
190
1
1
193
1
1
194
1
1
195
1
1
196
1
2
197
dd
1
2
198
df
0
2
199
df
1
2
128
163
0
2
19a
df
0
1
dd
1
2
127
19b
0
2
199
19c
1
2
128
17c
0
2
19a
19d
1
1
19e
0
1
19f
1
2
127
dd
1
2
18d
1a0
1
2
175
163
0
2
18d
df
1
2
199
1a1
0
2
129
dd
1
2
18d
1a1
1
2
12f
dd
0
2
1a2
df
0
2
130
dd
1
2
1a2
1a1
0
2
1a3
dd
1
2
cf
19f
0
2
cf
181
1
2
177
180
0
1
1a4
1
2
19a
1a5
0
2
cf
19f
1
2
cf
1a6
0
2
cf
1a5
0
1
1a7
1
1
1a8
1
1
1a9
0
1
1aa
1
1
1a7
0
1
1a8
1
1
1aa
1
2
128
18e
0
2
177
1ab
1
1
1ac
0
2
192
1ad
0
2
130
13d
1
2
1a2
1ae
0
2
1a3
13d
0
2
192
1af
1
1
1b0
0
1
1b1
1
1
1b2
1
1
1b1
0
1
1b3
1
1
1b4
1
1
1b3
0
1
1b5
0
1
196
0
1
1b6
1
1
178
0
1
1b7
0
1
195
0
1
1b8
0
1
151
1
2
1b9
1b3
1
2
1ba
1b4
0
2
1bb
1b3
1
2
1bc
1b3
1
2
18f
1b3
0
2
1bd
1b3
0
2
1be
1b3
1
2
1bf
1b4
0
2
1c0
1b3
1
2
192
1c1
0
2
1c2
1c3
1
2
1c4
1c5
1
2
192
1b3
0
2
79
1b3
0
2
1c6
1b3
1
2
192
ff
0
2
1c7
1b3
1
2
1c8
1b3
0
2
1c9
1b3
0
2
1ca
1b3
1
2
1cb
ff
0
2
1cc
1b3
0
2
47
1b3
1
2
1cd
1b3
0
2
1c4
1b3
1
2
127
1b3
1
2
18d
1b3
1
2
1ce
ff
1
1
12f
0
1
192
1
1
cf
0
2
1cf
162
1
2
1d0
158
0
2
1d1
101
1
2
1d0
1d2
0
1
1d3
0
1
1d4
0
2
192
162
1
2
192
158
0
2
192
1d5
1
2
192
1d6
0
1
1d6
1
1
1d7
0
1
1d8
1
1
192
1d9
0
2
0
1
1
2
2
3
0
2
4
5
1
2
6
7
0
2
6
8
1
2
6
9
0
2
a
b
0
1
8
0
1
9
1
2
a
7
1
1
9
0
2
c
d
1
2
2
e
0
2
f
10
0
2
11
5
0
2
4
b
0
2
11
b
0
2
11
10
0
2
2
1
1
2
12
1
1
2
13
5
1
2
14
8
1
2
13
8
1
2
0
1
1
2
4
5
1
2
6
8
1
2
a
b
1
1
8
0
2
15
16
1
2
17
18
0
2
15
b
1
2
11
5
0
2
a
8
1
2
4
b
0
2
15
8
1
2
11
b
0
2
15
19
1
2
11
10
0
1
1
0
1
1a
1
2
2
9
1
2
6
b
0
1
3
1
2
2
1b
1
2
6
1c
1
2
6
1d
1
2
6
1a
1
2
6
1e
1
2
1f
7
1
2
1f
9
1
2
15
e
1
2
15
7
1
2
a
9
1
2
15
9
1
2
15
20
1
1
3
0
2
21
d
1
2
0
d
0
2
a
5
1
2
14
5
0
1
5
0
1
b
0
1
7
1
2
6
5
1
2
a
5
1
1
5
1
1
b
1
1
7
0
2
15
d
0
1
22
0
1
20
0
1
1e
1
2
14
23
1
1
1e
0
1
d
1
2
24
b
1
2
24
8
1
2
a
8
0
1
16
0
1
25
1
2
26
1
0
1
27
1
2
14
28
0
1
1c
0
1
e
1
2
29
2a
1
2
2b
2c
1
2
13
23
1
2
12
2d
1
2
c
d
1
2
f
5
1
2
2e
5
1
2
f
10
1
2
11
28
1
2
4
23
1
2
2
d
1
2
1f
1
1
2
1f
23
1
2
1f
5
1
2
6
23
1
2
15
d
1
2
a
22
1
2
a
23
1
2
15
19
1
2
15
28
1
2
15
5
1
1
d
1
1
10
1
1
2f
1
1
23
1
1
16
1
1
25
1
1
1
1
1
30
1
1
1a
1
1
31
1
1
1c
1
1
e
1
1
27
1
1
32
1
1
20
0
1
33
1
2
0
33
1
2
34
35
1
2
a
30
1
1
36
1
2
37
33
1
2
38
39
1
2
3a
33
1
1
3b
1
2
13
35
1
2
12
1b
1
2
14
35
1
2
c
3c
1
2
f
2f
1
2
2e
23
1
2
11
3d
1
2
11
3e
1
2
4
30
1
2
4
3f
1
2
11
40
1
2
11
41
1
2
2
3b
1
2
2
33
1
2
6
40
1
2
1f
33
1
2
1f
40
1
2
6
3b
1
2
1f
3b
1
2
15
42
1
2
a
40
1
2
15
43
1
2
15
40
1
2
a
33
1
2
a
44
1
2
15
33
1
1
33
1
1
45
1
2
4
28
1
2
11
2f
1
2
2
1
1
1
35
1
2
15
16
1
2
15
b
1
2
a
46
1
2
15
8
1
2
15
47
1
2
21
d
1
1
46
1
1
22
0
2
0
d
0
2
13
5
0
2
14
5
0
2
14
28
1
2
6
27
0
2
13
28
0
2
48
5
0
2
f
5
0
2
4
28
0
2
11
28
0
2
2e
5
0
2
2
d
1
2
12
d
0
2
6
5
0
2
6
28
0
2
1f
5
0
2
1f
28
1
2
13
28
1
2
48
5
0
2
15
3c
1
2
17
3c
0
2
a
28
0
2
15
5
1
2
11
23
0
1
28
1
2
49
28
1
2
f
23
0
2
15
23
1
2
11
3f
1
2
4a
3f
0
1
10
1
2
2
7
0
1
2f
0
1
4b
1
2
2
27
0
1
46
0
1
4c
0
1
4d
1
2
2
4e
1
2
6
28
1
2
6
3d
1
2
6
4f
1
2
1f
3d
0
1
32
1
2
6
41
1
2
6
3f
1
2
6
50
1
2
6
51
1
2
6
44
1
2
6
52
1
2
1f
52
1
2
2
4d
1
2
6
53
1
2
1f
53
1
2
15
4d
1
2
a
53
1
2
15
53
1
1
53
1
1
4d
0
2
14
46
0
2
13
46
0
2
48
b
0
2
4a
2f
1
2
34
28
0
2
17
5
1
2
12
5
0
2
4
30
0
2
11
30
0
2
6
46
0
2
1f
46
0
2
1f
b
0
2
2
43
0
2
1f
30
0
2
a
46
0
1
54
1
2
55
4f
1
2
17
5
1
2
2e
10
0
2
15
30
0
2
a
30
1
2
4
46
1
2
4
44
1
2
4a
51
1
2
2e
43
1
2
f
40
1
1
3a
1
1
6
1
1
1f
1
1
a
1
1
15
0
2
0
56
1
2
0
56
0
2
13
3f
1
2
14
3f
0
2
48
3e
1
2
48
3e
0
2
c
56
0
2
57
58
1
2
34
58
0
2
17
59
1
2
12
59
0
2
2e
3e
0
2
f
3e
0
2
4
3f
0
2
4a
58
0
2
5a
5b
1
2
5c
5b
0
2
1f
3e
0
2
57
3e
1
2
5d
3f
0
2
2
56
0
2
1f
5e
1
2
14
5f
0
2
57
5f
1
2
5d
5f
0
1
60
1
2
61
60
0
1
62
1
2
63
64
0
1
39
1
2
37
5b
1
2
65
39
1
2
66
5b
0
1
5b
1
2
67
5b
0
1
56
0
1
51
0
1
59
0
1
3e
0
1
50
1
2
13
3f
0
1
5f
1
2
34
5f
0
1
42
0
1
43
0
1
40
0
1
52
1
2
68
39
1
2
69
5b
1
2
67
60
1
2
6a
5b
1
2
6b
58
1
2
12
6c
1
2
48
3f
1
1
12
1
2
c
56
1
2
6d
58
1
2
17
6c
1
2
f
3f
1
2
55
58
1
2
5a
60
1
2
6e
5b
1
2
5a
5b
1
2
6e
60
1
1
60
1
1
6f
1
1
5b
1
1
56
1
1
51
1
1
6c
1
1
3f
1
1
41
1
1
58
1
1
42
1
1
44
0
2
2
e
0
2
a
27
1
1
70
0
2
1f
23
0
2
57
2a
0
2
a
23
0
2
15
18
1
2
17
71
0
2
6d
2a
1
1
6d
1
2
2
42
0
1
30
1
2
1f
44
1
2
2e
41
0
1
31
1
2
4
41
1
2
2
6c
1
2
2
71
1
2
1f
41
1
1
2
1
2
4a
70
1
2
57
70
1
2
a
41
1
2
15
41
1
2
6d
70
0
2
c
3c
1
2
72
56
0
2
f
23
0
2
2e
23
0
2
73
58
1
2
6b
74
0
2
2
3c
0
2
15
56
0
2
6d
58
0
2
15
3e
0
1
3c
0
1
3d
0
1
23
0
1
58
1
2
75
2c
0
1
70
1
2
76
2c
1
2
c
77
1
2
f
78
1
2
4
78
1
2
55
74
1
2
11
78
1
2
2
77
1
2
6
78
1
2
4a
74
1
2
1f
78
1
2
57
74
1
2
15
77
1
2
a
78
1
2
6d
74
1
2
15
78
1
1
77
1
1
79
1
1
78
1
1
74
0
2
f
3f
1
2
2e
3f
0
1
41
1
1
4a
0
2
7a
60
1
2
7b
2c
0
2
5a
60
0
1
3b
1
2
7c
2c
1
2
7a
2c
1
2
5a
2c
1
1
2c
0
2
21
56
0
2
a
3f
0
1
3f
0
1
53
1
2
7d
77
1
2
2e
78
1
2
7e
78
1
2
7f
77
1
2
5a
6c
1
2
2
53
1
2
57
53
0
1
44
0
1
80
1
2
57
81
1
2
57
78
1
2
5a
79
1
2
5a
70
1
2
5a
4d
1
2
6e
70
1
2
5a
53
1
2
2e
70
1
2
6d
53
1
2
c
82
1
2
73
78
1
2
2e
81
1
2
73
83
1
2
5a
82
1
2
6d
83
1
1
5a
1
1
6e
1
2
63
82
1
2
84
82
1
2
85
2c
1
1
82
0
2
7b
3b
0
2
7c
3b
0
2
63
33
0
2
84
5b
0
2
7d
64
0
2
7f
3b
0
2
86
60
0
2
7d
3b
1
1
87
0
2
5a
33
1
1
84
0
2
5a
3b
1
1
88
0
1
45
0
2
2
33
0
2
5a
46
0
2
15
80
0
2
a
35
0
2
6d
51
0
2
15
3b
0
2
5a
56
0
1
2c
0
2
21
3b
0
2
6d
3b
0
1
a
1
1
89
1
1
7d
1
1
8a
1
1
57
1
1
8b
0
2
8b
60
0
2
8c
82
8d
0
2
0
1
1
2
2
3
0
1
1
1
1
3
0
2
2
4
1
2
0
4
0
1
4
1
1
4
1
2
2
5
1
1
5
0
1
5
1
2
2
4
0
2
2
1
1
2
0
1
1
1
1
0
2
6
7
1
2
8
4
0
2
6
4
0
2
9
1
0
2
8
4
0
2
0
4
0
1
3
1
2
2
1
0
2
6
1
1
2
8
1
1
2
2
7
1
2
6
5
1
2
6
3
1
2
6
4
1
2
6
a
1
1
a
0
1
7
1
1
7
0
2
2
3
1
2
8
7
1
2
0
b
0
2
2
5
1
2
6
7
0
2
0
7
1
1
b
1
2
c
b
0
2
c
d
1
2
e
d
0
2
e
f
1
1
10
1
2
9
1
0
2
2
7
1
2
11
b
1
2
2
b
1
1
d
1
1
12
1
1
2
0
2
c
b
1
2
13
a
1
2
2
a
0
2
0
14
0
2
2
14
1
1
0
0
1
f
1
1
13
1
2
0
15
1
2
8
b
1
2
0
14
1
2
c
14
1
2
2
14
1
2
11
14
1
2
13
15
1
2
2
15
1
2
13
14
1
1
6
1
2
13
b
1
2
13
12
0
2
8
7
0
2
6
b
0
1
b
1
2
6
12
1
2
6
b
1
1
15
1
2
9
15
1
2
11
d
1
2
8
14
1
2
13
f
1
2
6
14
1
1
14
1
2
13
d
0
2
13
b
1
2
c
15
0
1
12
1
2
e
f
1
2
8
15
0
1
15
1
1
c
0
2
0
15
0
2
0
b
1
2
0
f
1
2
c
f
1
1
e
0
1
e
1
1
9
0
2
9
15
1
1
8
0
2
8
15
0
2
0
f
0
2
c
14
0
1
8
0
2
8
14
0
1
0
0
2
11
b
1
2
16
15
0
1
a
0
1
14
1
1
11
1
1
f
1
2
11
15
0
2
8
1
0
2
13
12
1
2
10
f
0
2
13
f
0
1
11
1
2
17
15
1
2
17
14
1
2
16
14
0
2
13
15
0
2
c
15
0
2
11
14
0
2
6
15
0
2
6
12
0
2
2
15
1
2
6
15
1
2
16
f
1
1
16
1
1
17
0
2
16
15
0
2
11
15
0
2
13
14
0
1
16
0
1
17
0
2
13
a
0
1
2
0
1
13
0
1
6
18
0
2
0
1
1
1
1
0
2
2
3
1
1
3
1
2
0
1
1
2
2
3
0
1
3
1
2
2
1
0
2
2
1
0
1
1
1
1
2
1
2
0
4
0
2
0
4
1
1
0
0
1
0
1
1
5
0
1
5
0
2
2
4
1
2
2
4
0
1
2
1
2
5
4
1
1
4
0
1
4
0
2
5
4
6
0
2
0
1
1
2
0
1
0
1
1
1
1
1
1
1
0
0
1
0
2
0
0
1
0
